//Index	Group	Rank	MinLvl	MaxLvl	MainValue1	MainValue2	MainValue3	MainValue4	MainValue5	MainValue6	MainValue7	MainValue8	MainValue9	MainValue10	MainValue11	MainValue12	MainValue13	MainValue14	MainValue15	MainValue16	MainValue17	MainValue18	MainValue19	MainValue20	RelatedSkill	ReplaceSkill	RequireSkill	RequireSkill	DW	DK	FE	MG	DL	SU	RF	GL
300		1		1		1		20		12.04		20.18		27.76		34.80		41.31		47.33		52.86		57.94		62.57		66.78		70.59		74.02		77.09		79.82		82.23		84.34		86.16		87.73		89.05		90.16		0				0				0				0				1	1	1	1	1	1	0	1
301		1		1		1		20		614			1029		1415		1774		2106		2413		2695		2954		3190		3405		3600		3775		3931		4070		4193		4301		4394		4474		4541		4598		0				0				0				0				4	4	4	4	4	4	0	4
302		1		2		1		20		511			857			1179		1478		1755		2011		2246		2462		2659		2838		3000		3145		3276		3392		3494		3584		3661		3728		3784		3831		0				0				0				0				6	6	6	6	6	6	0	6
303		1		2		1		20		1.81		3.03		4.16		5.22		6.20		7.10		7.93		8.69		9.39		10.02		10.59		11.10		11.56		11.97		12.33		12.65		12.92		13.16		13.36		13.52		0				0				0				0				8	8	8	8	8	8	0	8

305		1		3		1		20		12.04		20.18		27.76		34.80		41.31		47.33		52.86		57.94		62.57		66.78		70.59		74.02		77.09		79.82		82.23		84.34		86.16		87.73		89.05		90.16		0				0				300				0				9	9	9	9	9	9	0	9
306		1		3		1		20		1.20		2.02		2.78		3.48		4.13		4.73		5.29		5.79		6.26		6.68		7.06		7.40		7.71		7.98		8.22		8.43		8.62		8.77		8.91		9.02		0				0				302				0				10	10	10	10	10	10	0	10
307		1		3		1		20		1.20		2.02		2.78		3.48		4.13		4.73		5.29		5.79		6.26		6.68		7.06		7.40		7.71		7.98		8.22		8.43		8.62		8.77		8.91		9.02		0				0				303				0				12	12	12	12	12	12	0	12

309		1		4		1		20		60			100			138			173			206			236			264			289			312			333			352			370			385			399			411			421			430			438			445			450			0				0				0				0				14	14	14	14	14	14	0	14
310		1		4		1		20		1.20		2.02		2.78		3.48		4.13		4.73		5.29		5.79		6.26		6.68		7.06		7.40		7.71		7.98		8.22		8.43		8.62		8.77		8.91		9.02		0				0				307				0				16	16	16	16	16	16	0	16

312		1		5		1		20		12.04		20.18		27.76		34.80		41.31		47.33		52.86		57.94		62.57		66.78		70.59		74.02		77.09		79.82		82.23		84.34		86.16		87.73		89.05		90.16		0				0				305				0				17	17	17	17	17	17	0	17
313		1		5		1		20		1.20		2.02		2.78		3.48		4.13		4.73		5.29		5.79		6.26		6.68		7.06		7.40		7.71		7.98		8.22		8.43		8.62		8.77		8.91		9.02		0				0				309				0				18	18	18	18	18	18	0	18

315		1		6		1		20		6			11			15			19			23			27			30			33			36			39			41			43			45			46			48			49			50			51			52			53			0				0				0				0				23	23	23	23	23	23	0	23
316		1		6		1		20		1.00		1.25		1.47		1.67		1.86		2.04		2.21		2.37		2.51		2.64		2.76		2.86		2.95		3.03		3.10		3.16		3.21		3.26		3.30		3.34		0				0				315				0				24	24	24	24	24	24	0	24
317		1		7		1		20		12			20			27			34			41			47			52			57			62			66			70			74			77			79			82			84			86			87			89			90			0				0				0				0				25	25	25	25	25	25	0	25
318		1		7		1		20		12			20			27			34			41			47			52			57			62			66			70			74			77			79			82			84			86			87			89			90			0				0				0				0				26	26	26	26	26	26	0	26
319		1		7		1		20		12			20			27			34			41			47			52			57			62			66			70			74			77			79			82			84			86			87			89			90			0				0				0				0				27	27	27	27	27	27	0	27
320		1		7		1		20		12			20			27			34			41			47			52			57			62			66			70			74			77			79			82			84			86			87			89			90			0				0				0				0				28	28	28	28	28	28	0	28

322		1		8		1		20		12			20			27			34			41			47			52			57			62			66			70			74			77			79			82			84			86			87			89			90			0				0				0				0				0	30	0	0	0	0	0	0

324		1		9		1		20		12			20			27			34			41			47			52			57			62			66			70			74			77			79			82			84			86			87			89			90			0				0				322				0				0	34	0	0	0	0	0	0
325		2		1		1		20		511			857			1179		1478		1755		2011		2246		2462		2659		2838		3000		3145		3276		3392		3494		3584		3661		3728		3784		3831		0				0				0				0				37	37	37	37	37	37	0	37
326		2		2		1		20		5			9			12			16			19			22			25			27			30			32			34			36			37			38			40			41			42			42			43			44			22				22				0				0				0	41	0	0	0	0	0	0
327		2		2		1		20		6			11			15			19			23			27			30			33			36			39			41			43			45			46			48			49			50			51			52			53			23				23				0				0				0	42	0	0	0	0	0	0
328		2		2		1		20		6			11			15			19			23			27			30			33			36			39			41			43			45			46			48			49			50			51			52			53			19				19				0				0				0	43	0	0	0	0	0	0
329		2		2		1		20		6			11			15			19			23			27			30			33			36			39			41			43			45			46			48			49			50			51			52			53			20				20				0				0				0	44	0	0	0	0	0	41
330		2		3		1		20		6			11			15			19			23			27			30			33			36			39			41			43			45			46			48			49			50			51			52			53			41				41				0				0				0	45	0	0	0	0	0	0
331		2		3		1		20		5			9			12			16			19			22			25			27			30			32			34			36			37			38			40			41			42			42			43			44			42				42				0				0				0	46	0	0	0	0	0	0

//Index	Group	Rank	MinLvl	MaxLvl	MainValue1	MainValue2	MainValue3	MainValue4	MainValue5	MainValue6	MainValue7	MainValue8	MainValue9	MainValue10	MainValue11	MainValue12	MainValue13	MainValue14	MainValue15	MainValue16	MainValue17	MainValue18	MainValue19	MainValue20	RelatedSkill	ReplaceSkill	RequireSkill	RequireSkill	DW	DK	FE	MG	DL	SU	RF	GL
334		2		4		1		20		102			171			235			295			351			402			449			492			531			567			600			629			655			678			698			716			732			745			756			766			0				0				0				0				51	51	52	52	52	52	0	52
335		2		4		1		20		5			9			12			16			19			22			25			27			30			32			34			36			37			38			40			41			42			42			43			44			0				0				0				0				0	52	0	0	0	0	0	0
336		2		5		1		20		5			9			12			16			19			22			25			27			30			32			34			36			37			38			40			41			42			42			43			44			43				43				0				0				0	53	0	0	0	0	0	0
337		2		5		1		20		5			9			12			16			19			22			25			27			30			32			34			36			37			38			40			41			42			42			43			44			232				232				0				0				0	54	0	0	0	0	0	0
338		2		5		1		20		102			171			235			295			351			402			449			492			531			567			600			629			655			678			698			716			732			745			756			766			0				0				334				0				55	55	56	56	56	56	0	56
339		2		6		1		20		1.81		3.03		4.16		5.22		6.20		7.10		7.93		8.69		9.39		10.02		10.59		11.10		11.56		11.97		12.33		12.65		12.92		13.16		13.36		13.52		43				336				336				0				0	57	0	0	0	0	0	0

341		2		6		1		20		27			47			65			82			97			112			125			137			148			159			168			176			183			190			196			201			205			209			212			215			0				0				338				0				59	59	60	60	60	60	0	60


344		2		8		10		10		0.00		0.00		0.00		0.00		0.00		0.00		0.00		0.00		0.00		0.00		0.00		0.00		0.00		0.00		0.00		0.00		0.00		0.00		0.00		0.00		344				0				0				0				0	66	0	66	0	0	0	0
345		2		7		1		20		1.81		3.03		4.16		5.22		6.20		7.10		7.93		8.69		9.39		10.02		10.59		11.10		11.56		11.97		12.33		12.65		12.92		13.16		13.36		13.52		0				0				0				0				0	61	0	0	0	0	0	0
346		2		9		1		20		5			9			12			16			19			22			25			27			30			32			34			36			37			38			40			41			42			42			43			44			344				344				344				0				0	70	0	70	0	0	0	0
347		3		1		1		20		818			1372		1887		2366		2809		3218		3594		3939		4254		4541		4800		5033		5242		5427		5591		5734		5859		5965		6055		6130		0				0				0				0				73	73	73	73	73	73	0	73
348		3		2		1		20		8			15			21			27			32			37			41			45			49			52			55			58			60			63			64			66			68			69			70			71			0				0				0				0				0	77	0	77	0	0	0	0
349		3		2		1		20		5			9			12			16			19			22			25			27			30			32			34			36			37			38			40			41			42			42			43			44			0				0				0				0				0	78	0	78	0	0	0	0
350		3		2		1		20		6			11			15			19			23			27			30			33			36			39			41			43			45			46			48			49			50			51			52			53			0				0				0				0				0	79	0	0	0	0	0	0
351		3		2		1		20		6			11			15			19			23			27			30			33			36			39			41			43			45			46			48			49			50			51			52			53			0				0				0				0				0	80	0	0	0	0	0	0
352		3		3		1		20		11			19			27			34			40			46			52			57			62			66			70			73			76			79			81			83			85			87			88			89			0				0				348				0				0	81	0	81	0	0	0	0
353		3		3		1		10		1			2			3			4			5			6			7			8			9			10			0			0			0			0			0			0			0			0			0			0			0				0				349				0				0	82	0	82	0	0	0	0
354		3		3		1		20		1.20		2.02		2.78		3.48		4.13		4.73		5.29		5.79		6.26		6.68		7.06		7.40		7.71		7.98		8.22		8.43		8.62		8.77		8.91		9.02		0				0				350				0				0	83	0	0	0	0	0	0
355		3		3		1		20		1.20		2.02		2.78		3.48		4.13		4.73		5.29		5.79		6.26		6.68		7.06		7.40		7.71		7.98		8.22		8.43		8.62		8.77		8.91		9.02		0				0				351				0				0	84	0	0	0	0	0	0

//Index	Group	Rank	MinLvl	MaxLvl	MainValue1	MainValue2	MainValue3	MainValue4	MainValue5	MainValue6	MainValue7	MainValue8	MainValue9	MainValue10	MainValue11	MainValue12	MainValue13	MainValue14	MainValue15	MainValue16	MainValue17	MainValue18	MainValue19	MainValue20	RelatedSkill	ReplaceSkill	RequireSkill	RequireSkill	DW	DK	FE	MG	DL	SU	RF	GL
356		3		4		1		20		1.81		3.03		4.16		5.22		6.20		7.10		7.93		8.69		9.39		10.02		10.59		11.10		11.56		11.97		12.33		12.65		12.92		13.16		13.36		13.52		48				48				0				0				0	85	0	0	0	0	0	0
357		3		4		1		20		7.22		12.11		16.66		20.88		24.79		28.40		31.72		34.76		37.54		40.07		42.35		44.41		46.25		47.89		49.34		50.60		51.70		52.64		53.43		54.10		0				0				0				0				86	86	86	86	86	86	0	86
358		3		4		1		20		9.14		5.45		3.96		3.16		2.66		2.32		2.08		1.90		1.76		1.65		1.56		1.49		1.43		1.38		1.3			1.3			1.28		1.25		1.24		1.22		0				0				0				0				87	87	87	87	87	87	0	87
359		3		4		1		20		43.19		25.77		18.73		14.94		12.59		10.99		9.84		8.98		8.31		7.79		7.37		7.02		6.75		6.51		6.32		6.17		6.04		5.93		5.84		5.77		0				0				0				0				88	88	88	88	88	88	0	88
360		3		5		1		20		1.81		3.03		4.16		5.22		6.20		7.10		7.93		8.69		9.39		10.02		10.59		11.10		11.56		11.97		12.33		12.65		12.92		13.16		13.36		13.52		48				356				356				0				0	89	0	0	0	0	0	0
361		3		5		1		20		5			9			12			16			19			22			25			27			30			32			34			36			37			38			40			41			42			42			43			44			0				0				0				0				0	90	0	90	91	0	0	90
362		3		5		1		20		43.19		25.77		18.73		14.94		12.59		10.99		9.84		8.98		8.31		7.79		7.37		7.02		6.75		6.51		6.32		6.17		6.04		5.93		5.84		5.77		0				0				359				0				92	92	92	92	92	92	0	92
363		3		6		1		20		1.81		3.03		4.16		5.22		6.20		7.10		7.93		8.69		9.39		10.02		10.59		11.10		11.56		11.97		12.33		12.65		12.92		13.16		13.36		13.52		48				360				360				0				0	93	0	0	0	0	0	0
364		3		6		1		20		6			11			15			19			23			27			30			33			36			39			41			43			45			46			48			49			50			51			52			53			0				0				361				0				0	94	0	94	95	0	0	94
366		3		6		1		20		1.00		1.25		1.47		1.67		1.86		2.04		2.21		2.37		2.51		2.64		2.76		2.86		2.95		3.03		3.10		3.16		3.21		3.26		3.3			3.34		0				0				0				0				96	96	96	96	96	96	0	96
367		3		7		1		20		1.00		1.25		1.47		1.67		1.86		2.04		2.21		2.37		2.51		2.64		2.76		2.86		2.95		3.03		3.10		3.16		3.21		3.26		3.3			3.34		0				0				0				0				97	97	97	97	97	97	0	97
368		3		7		1		20		1.00		1.25		1.47		1.67		1.86		2.04		2.21		2.37		2.51		2.64		2.76		2.86		2.95		3.03		3.10		3.16		3.21		3.26		3.3			3.34		0				0				0				0				98	98	98	98	98	98	0	98
369		3		7		1		20		1.00		1.25		1.47		1.67		1.86		2.04		2.21		2.37		2.51		2.64		2.76		2.86		2.95		3.03		3.10		3.16		3.21		3.26		3.3			3.34		0				0				366				0				100	100	100	100	100	100	0	100
370		3		8		1		20		1.00		1.25		1.47		1.67		1.86		2.04		2.21		2.37		2.51		2.64		2.76		2.86		2.95		3.03		3.10		3.16		3.21		3.26		3.3			3.34		0				0				0				0				104	104	104	104	104	104	0	104
371		3		9		1		20		1.00		1.25		1.47		1.67		1.86		2.04		2.21		2.37		2.51		2.64		2.76		2.86		2.95		3.03		3.10		3.16		3.21		3.26		3.3			3.34		0				0				370				0				108	108	108	108	108	108	0	108
372		3		8		1		20		1.00		1.25		1.47		1.67		1.86		2.04		2.21		2.37		2.51		2.64		2.76		2.86		2.95		3.03		3.10		3.16		3.21		3.26		3.3			3.34		0				0				368				0				102	102	102	102	102	102	0	102

//Index	Group	Rank	MinLvl	MaxLvl	MainValue1	MainValue2	MainValue3	MainValue4	MainValue5	MainValue6	MainValue7	MainValue8	MainValue9	MainValue10	MainValue11	MainValue12	MainValue13	MainValue14	MainValue15	MainValue16	MainValue17	MainValue18	MainValue19	MainValue20	RelatedSkill	ReplaceSkill	RequireSkill	RequireSkill	DW	DK	FE	MG	DL	SU	RF	GL
375		1		8		1		20		12.04				20.18				27.76				34.80				41.31		47.33				52.86				57.94				62.57				66.78				70.59				74.02				77.09				79.82				82.23				84.34				86.16				87.73				89.05				90.16		0		0		0		0		30		0		0		0		0		0		0		0

377		1		9		1		20		12.04				20.18				27.76				34.80				41.31		47.33				52.86				57.94				62.57				66.78				70.59				74.02				77.09				79.82				82.23				84.34				86.16				87.73				89.05				90.16		0		0		375		0		34		0		0		0		0		0		0		0
378		2		2		1		20		6.32				11.21				15.76				19.98				23.89		27.50				30.82				33.86				36.64				39.17				41.45				43.51				45.35				46.99				48.44				49.70				50.80				51.74				52.53				53.20		5		5		0		0				41		0		0		0		0		0		0		0
379		2		2		1		20		6.32				11.21				15.76				19.98				23.89		27.50				30.82				33.86				36.64				39.17				41.45				43.51				45.35				46.99				48.44				49.70				50.80				51.74				52.53				53.20		3		3		0		0				42		0		0		0		0		0		0		0
380		2		2		1		20		1.20				2.02				2.78				3.48				4.13				4.73				5.29				5.79				6.26				6.68				7.06				7.40				7.71				7.98				8.22				8.43				8.62				8.77				8.91				9.02		233		233		0		0				43		0		0		0		0		0		0		0
381		2		3		1		20		5.02				9.09				12.88				16.40				19.66		22.66				25.43				27.97				30.28				32.39				34.30				36.01				37.55				38.91				40.11				41.17				42.08				42.86				43.53				44.08		14		14		378		0				45		0		0		0		0		0		0		0
382		2		3		1		20		5.02				9.09				12.88				16.40				19.66		22.66				25.43				27.97				30.28				32.39				34.30				36.01				37.55				38.91				40.11				41.17				42.08				42.86				43.53				44.08		13		13		379		0				46		0		0		0		0		0		0		0
383		2		3		1		20		1.20				2.02				2.78				3.48				4.13				4.73				5.29				5.79				6.26				6.68				7.06				7.40				7.71				7.98				8.22				8.43				8.62				8.77				8.91				9.02		233		380		380		0				47		0		0		0		0		0		0		0

//Index	Group	Rank	MinLvl	MaxLvl	MainValue1	MainValue2	MainValue3	MainValue4	MainValue5	MainValue6	MainValue7	MainValue8	MainValue9	MainValue10	MainValue11	MainValue12	MainValue13	MainValue14	MainValue15	MainValue16	MainValue17	MainValue18	MainValue19	MainValue20	RelatedSkill	ReplaceSkill	RequireSkill	RequireSkill	DW	DK	FE	MG	DL	SU	RF	GL
384		2		3		1		20		6.32				11.21				15.76				19.98				23.89		27.50				30.82				33.86				36.64				39.17				41.45				43.51				45.35				46.99				48.44				49.70				50.80				51.74				52.53				53.20		1		1		0		0				48		0		0		0		0		0		0		0
385		2		4		1		20		5.02				9.09				12.88				16.40				19.66		22.66				25.43				27.97				30.28				32.39				34.30				36.01				37.55				38.91				40.11				41.17				42.08				42.86				43.53				44.08		9		9		0		0				49		0		0		0		0		0		0		0
386		2		4		1		20		5.02				9.09				12.88				16.40				19.66		22.66				25.43				27.97				30.28				32.39				34.30				36.01				37.55				38.91				40.11				41.17				42.08				42.86				43.53				44.08		0		0		385		0				50		0		0		0		0		0		0		0
387		2		4		1		20		5.02				9.09				12.88				16.40				19.66		22.66				25.43				27.97				30.28				32.39				34.30				36.01				37.55				38.91				40.11				41.17				42.08				42.86				43.53				44.08		38		38		0		0				52		0		0		0		0		0		0		0
//Index	Group	Rank	MinLvl	MaxLvl	MainValue1	MainValue2	MainValue3	MainValue4	MainValue5	MainValue6	MainValue7	MainValue8	MainValue9	MainValue10	MainValue11	MainValue12	MainValue13	MainValue14	MainValue15	MainValue16	MainValue17	MainValue18	MainValue19	MainValue20	RelatedSkill	ReplaceSkill	RequireSkill	RequireSkill	DW	DK	FE	MG	DL	SU	RF	GL
388		2		5		1		20		6.32				11.21				15.76				19.98				23.89		27.50				30.82				33.86				36.64				39.17				41.45				43.51				45.35				46.99				48.44				49.70				50.80				51.74				52.53				53.20		10		10		0		0				54		0		0		0		0		0		0		0
389		2		5		1		20		6.32				11.21				15.76				19.98				23.89		27.50				30.82				33.86				36.64				39.17				41.45				43.51				45.35				46.99				48.44				49.70				50.80				51.74				52.53				53.20		7		7		0		0				56		0		0		0		0		0		0		0
390		2		6		1		20		8.83				15.34				21.41				27.04				32.25		37.06				41.49				45.55				49.25				52.62				55.67				58.42				60.87				63.06				64.98				66.67				68.13				69.38				70.44				71.33		2		2		0		0		57		0		0		0		0		0		0		0
391		2		6		1		20		5.02				9.09				12.88				16.40				19.66		22.66				25.43				27.97				30.28				32.39				34.30				36.01				37.55				38.91				40.11				41.17				42.08				42.86				43.53				44.08		39		39		389		0		60		0		0		0		0		0		0		0
392		2		7		1		20		5.02				9.09				12.88				16.40				19.66		22.66				25.43				27.97				30.28				32.39				34.30				36.01				37.55				38.91				40.11				41.17				42.08				42.86				43.53				44.08		40		40		388		0		62		0		0		0		0		0		0		0
393		2		7		1		20		1.20				2.02				2.78				3.48				4.13				4.73				5.29				5.79				6.26				6.68				7.06				7.40				7.71				7.98				8.22				8.43				8.62				8.77				8.91				9.02		39		391		391		0		64		0		0		0		0		0		0		0
394		2		8		1		20		1.20				2.02				2.78				3.48				4.13				4.73				5.29				5.79				6.26				6.68				7.06				7.40				7.71				7.98				8.22				8.43				8.62				8.77				8.91				9.02		2		390		390		0		65		0		0		0		0		0		0		0
//395		2		7		1		20		1.20				2.02				2.78				3.48				4.13				4.73				5.29				5.79				6.26				6.68				7.06				7.40				7.71				7.98				8.22				8.43				8.62				8.77				8.91				9.02		2		0		0		0		0		0		0		0		0		0		0		0
397		3		2		1		20		5.02				9.09				12.88				16.40				19.66		22.66				25.43				27.97				30.28				32.39				34.30				36.01				37.55				38.91				40.11				41.17				42.08				42.86				43.53				44.08		0		0		0		0				77		0		0		79		0		0		0		0
398		3		2		1		20		8.83				15.34				21.41				27.04				32.25		37.06				41.49				45.55				49.25				52.62				55.67				58.42				60.87				63.06				64.98				66.67				68.13				69.38				70.44				71.33		0		0		0		0				78		0		0		80		0		0		0		0
399		3		2		1		20		8.03				14.54				20.61				26.24				31.45		36.26				40.69				44.75				48.45				51.82				54.87				57.62				60.07				62.26				64.18				65.87				67.33				68.58				69.64				70.53		0		0		0		0				79		0		0		0		0		0		0		0
400		3		3		1		10		1.00		2.00		3.00		4.00		5.00		6.00		7.00		8.00		9.00		10.00		0.00		0.00		0.00		0.00		0.00		0.00		0.00		0.00		0.00		0.00		0		0		397		0				81		0		0		83		0		0		0		0
401		3		3		1		20		11.54				19.68				27.26				34.30				40.81		46.83				52.36				57.44				62.07				66.28				70.09				73.52				76.59				79.32				81.73				83.84				85.66				87.23				88.55				89.66		0		0		398		0				82		0		0		84		0		0		0		0
402		3		3		1		20		12.04				20.18				27.76				34.80				41.31		47.33				52.86				57.94				62.57				66.78				70.59				74.02				77.09				79.82				82.23				84.34				86.16				87.73				89.05				90.16		0		0		399		0				83		0		0		0		0		0		0		0
403		3		4		1		20		1.81				3.03				4.16				5.22				6.20				7.10				7.93				8.69				9.39				10.02				10.59				11.10				11.56				11.97				12.33				12.65				12.92				13.16				13.36				13.52		16		16		0		0				85		0		0		0		0		0		0		0
404		3		5		1		20		8.03				14.54				20.61				26.24				31.45		36.26				40.69				44.75				48.45				51.82				54.87				57.62				60.07				62.26				64.18				65.87				67.33				68.58				69.64				70.53		16		403		403		0				89		0		0		0		0		0		0		0
405		3		5		1		20		5.02				9.09				12.88				16.40				19.66		22.66				25.43				27.97				30.28				32.39				34.30				36.01				37.55				38.91				40.11				41.17				42.08				42.86				43.53				44.08		0		0		0		0				90		0		0		89		0		0		0		0
406		3		6		1		20		1.81				3.03				4.16				5.22				6.20				7.10				7.93				8.69				9.39				10.02				10.59				11.10				11.56				11.97				12.33				12.65				12.92				13.16				13.36				13.52		16		404		404		0		93		0		0		0		0		0		0		0
407		3		6		1		20		6.32				11.21				15.76				19.98				23.89		27.50				30.82				33.86				36.64				39.17				41.45				43.51				45.35				46.99				48.44				49.70				50.80				51.74				52.53				53.20		0		0		405		0		94		0		0		93		0		0		0		0
//409		1		8		1		20		12.04				20.18				27.76				34.80				41.31		47.33				52.86				57.94				62.57				66.78				70.59				74.02				77.09				79.82				82.23				84.34				86.16				87.73				89.05				90.16		0		0		0		0		0		0		29		0		0		0		0		0
410		1		8		1		20		12.04				20.18				27.76				34.80				41.31		47.33				52.86				57.94				62.57				66.78				70.59				74.02				77.09				79.82				82.23				84.34				86.16				87.73				89.05				90.16		0		0		0		0		0		0		30		0		0		0		0		0
411		2		6		1		20		5.02				9.09				12.88				16.40				19.66		22.66				25.43				27.97				30.28				32.39				34.30				36.01				37.55				38.91				40.11				41.17				42.08				42.86				43.53				44.08		235		235		0		0		0		0		59		0		0		0		0		0
412		1		9		1		20		12.04				20.18				27.76				34.80				41.31		47.33				52.86				57.94				62.57				66.78				70.59				74.02				77.09				79.82				82.23				84.34				86.16				87.73				89.05				90.16		0		0		410		0		0		0		34		0		0		0		0		0
413		2		2		1		20		5.02				9.09				12.88				16.40				19.66		22.66				25.43				27.97				30.28				32.39				34.30				36.01				37.55				38.91				40.11				41.17				42.08				42.86				43.53				44.08		26		26		0		0				0		0		41		0		0		0		0		0
414		2		2		1		20		5.02				9.09				12.88				16.40				19.66		22.66				25.43				27.97				30.28				32.39				34.30				36.01				37.55				38.91				40.11				41.17				42.08				42.86				43.53				44.08		24		24		0		0				0		0		43		0		0		0		0		0
415		2		2		1		20		60.02				100.90				138.79				173.98				206.56		236.64				264.31				289.68		312.84				333.90				352.96		370.11				385.45				399.10				411.14		421.68				430.81				438.64				445.27		450.80		0		0		0		0				0		0		44		0		0		0		0		0
416		2		3		1		20		5.02				9.09				12.88				16.40				19.66		22.66				25.43				27.97				30.28				32.39				34.30				36.01				37.55				38.91				40.11				41.17				42.08				42.86				43.53				44.08		52		52		0		0				0		0		45		0		0		0		0		0
417		2		3		1		20		5.02				9.09				12.88				16.40				19.66		22.66				25.43				27.97				30.28				32.39				34.30				36.01				37.55				38.91				40.11				41.17				42.08				42.86				43.53				44.08		27		27		0		0				0		0		46		0		0		0		0		0
418		2		3		10		10		0.00		0.00		0.00		0.00		0.00		0.00		0.00		0.00		0.00		0.00		0.00		0.00		0.00		0.00		0.00		0.00		0.00		0.00		0.00		0.00		24		414		414		0				0		0		47		0		0		0		0		0
419		2		3		1		20		60.02				100.90				138.79				173.98				206.56		236.64				264.31				289.68		312.84				333.90				352.96		370.11				385.45				399.10				411.14		421.68				430.81				438.64				445.27		450.80		0		0		415		0				0		0		48		0		0		0		0		0
420		2		4		1		20		5.02				9.09				12.88				16.40				19.66		22.66				25.43				27.97				30.28				32.39				34.30				36.01				37.55				38.91				40.11				41.17				42.08				42.86				43.53				44.08		28		28		0		0				0		0		49		0		0		0		0		0
421		2		4		1		20		5.02				9.09				12.88				16.40				19.66		22.66				25.43				27.97				30.28				32.39				34.30				36.01				37.55				38.91				40.11				41.17				42.08				42.86				43.53				44.08		0		0		0		0				0		0		51		0		0		0		0		0
422		2		5		1		20		5.02				9.09				12.88				16.40				19.66		22.66				25.43				27.97				30.28				32.39				34.30				36.01				37.55				38.91				40.11				41.17				42.08				42.86				43.53				44.08		28		420		420		0				0		0		53		0		0		0		0		0
423		2		5		1		20		5.02				9.09				12.88				16.40				19.66		22.66				25.43				27.97				30.28				32.39				34.30				36.01				37.55				38.91				40.11				41.17				42.08				42.86				43.53				44.08		27		417		417		0				0		0		54		0		0		0		0		0
424		2		5		1		20		5.02				9.09				12.88				16.40				19.66		22.66				25.43				27.97				30.28				32.39				34.30				36.01				37.55				38.91				40.11				41.17				42.08				42.86				43.53				44.08		51		51		0		0				0		0		55		0		0		0		0		0
425		2		6		10		10		0.00		0.00		0.00		0.00		0.00		0.00		0.00		0.00		0.00		0.00		0.00		0.00		0.00		0.00		0.00		0.00		0.00		0.00		0.00		0.00		425		0		423		0		0		0		58		0		0		0		0		0
426		2		7		10		10		0.00		0.00		0.00		0.00		0.00		0.00		0.00		0.00		0.00		0.00		0.00		0.00		0.00		0.00		0.00		0.00		0.00		0.00		0.00		0.00		426		0		0		0		0		0		61		0		0		0		0		0
427		2		8		10		10		0.00		0.00		0.00		0.00		0.00		0.00		0.00		0.00		0.00		0.00		0.00		0.00		0.00		0.00		0.00		0.00		0.00		0.00		0.00		0.00		427		0		0		0		0		0		67		0		0		0		0		0
428		2		7		1		20		60.02				100.90				138.79				173.98				206.56		236.64				264.31				289.68		312.84				333.90				352.96		370.11				385.45				399.10				411.14		421.68				430.81				438.64				445.27		450.80		0		0		0		0		0		0		64		0		0		0		0		0
429		2		8		1		20		5.02				9.09				12.88				16.40				19.66		22.66				25.43				27.97				30.28				32.39				34.30				36.01				37.55				38.91				40.11				41.17				42.08				42.86				43.53				44.08		426		426		426		0		0		0		65		0		0		0		0		0
430		2		8		10		10		0.00		0.00		0.00		0.00		0.00		0.00		0.00		0.00		0.00		0.00		0.00		0.00		0.00		0.00		0.00		0.00		0.00		0.00		0.00		0.00		430		0		0		0		0		0		66		0		0		0		0		0
431		2		7		1		20		1.20				2.02				2.78				3.48				4.13				4.73				5.29				5.79				6.26				6.68				7.06				7.40				7.71				7.98				8.22				8.43				8.62				8.77				8.91				9.02		235		411		411		0		0		0		63		0		0		0		0		0
432		2		8		10		10		0.00		0.00		0.00		0.00		0.00		0.00		0.00		0.00		0.00		0.00		0.00		0.00		0.00		0.00		0.00		0.00		0.00		0.00		0.00		0.00		432		0		428		0		0		0		68		0		0		0		0		0
433		2		9		1		20		8.03				14.54				20.61				26.24				31.45		36.26				40.69				44.75				48.45				51.82				54.87				57.62				60.07				62.26				64.18				65.87				67.33				68.58				69.64				70.53		0		0		430		0		0		0		70		0		0		0		0		0
434		2		9		1		20		5.02				9.09				12.88				16.40				19.66		22.66				25.43				27.97				30.28				32.39				34.30				36.01				37.55				38.91				40.11				41.17				42.08				42.86				43.53				44.08		427		427		427		0		0		0		71		0		0		0		0		0
435		3		2		1		20		5.02				9.09				12.88				16.40				19.66		22.66				25.43				27.97				30.28				32.39				34.30				36.01				37.55				38.91				40.11				41.17				42.08				42.86				43.53				44.08		0		0		0		0				0		0		77		0		0		0		0		0
436		3		2		1		20		6.32				11.21				15.76				19.98				23.89		27.50				30.82				33.86				36.64				39.17				41.45				43.51				45.35				46.99				48.44				49.70				50.80				51.74				52.53				53.20		0		0		0		0				0		0		78		0		0		0		0		0
437		3		2		1		20		8.03				14.54				20.61				26.24				31.45		36.26				40.69				44.75				48.45				51.82				54.87				57.62				60.07				62.26				64.18				65.87				67.33				68.58				69.64				70.53		0		0		0		0				0		0		79		0		0		0		0		0
438		3		3		1		10		1.00		2.00		3.00		4.00		5.00		6.00		7.00		8.00		9.00		10.00		0.00		0.00		0.00		0.00		0.00		0.00		0.00		0.00		0.00		0.00		0		0		435		0				0		0		81		0		0		0		0		0
439		3		3		1		20		11.54				19.68				27.26				34.30				40.81		46.83				52.36				57.44				62.07				66.28				70.09				73.52				76.59				79.32				81.73				83.84				85.66				87.23				88.55				89.66		0		0		436		0				0		0		82		0		0		0		0		0
440		3		3		1		20		12.04				20.18				27.76				34.80				41.31		47.33				52.86				57.94				62.57				66.78				70.59				74.02				77.09				79.82				82.23				84.34				86.16				87.73				89.05				90.16		0		0		437		0				0		0		83		0		0		0		0		0
441		3		5		1		20		1.20				2.02				2.78				3.48				4.13				4.73				5.29				5.79				6.26				6.68				7.06				7.40				7.71				7.98				8.22				8.43				8.62				8.77				8.91				9.02		77		77		0		0				0		0		89		0		0		0		0		0
442		3		5		1		20		5.02				9.09				12.88				16.40				19.66		22.66				25.43				27.97				30.28				32.39				34.30				36.01				37.55				38.91				40.11				41.17				42.08				42.86				43.53				44.08		0		0		0		0				0		0		90		0		0		0		0		0
443		3		6		1		20		6.32				11.21				15.76				19.98				23.89		27.50				30.82				33.86				36.64				39.17				41.45				43.51				45.35				46.99				48.44				49.70				50.80				51.74				52.53				53.20		0		0		442		0		0		0		94		0		0		0		0		0
//445		1		8		1		20		12.04				20.18				27.76				34.80				41.31		47.33				52.86				57.94				62.57				66.78				70.59				74.02				77.09				79.82				82.23				84.34				86.16				87.73				89.05				90.16		0		0		0		0		0		0		0		0		0		29		0		0
446		1		8		1		20		12.04				20.18				27.76				34.80				41.31		47.33				52.86				57.94				62.57				66.78				70.59				74.02				77.09				79.82				82.23				84.34				86.16				87.73				89.05				90.16		0		0		0		0		0		0		0		0		0		30		0		0
447		1		9		1		20		12.04				20.18				27.76				34.80				41.31		47.33				52.86				57.94				62.57				66.78				70.59				74.02				77.09				79.82				82.23				84.34				86.16				87.73				89.05				90.16		0		0		446		0		0		0		0		0		0		34		0		0
448		2		2		1		20		6.32				11.21				15.76				19.98				23.89		27.50				30.82				33.86				36.64				39.17				41.45				43.51				45.35				46.99				48.44				49.70				50.80				51.74				52.53				53.20		0		0		0		0				0		0		0		0		0		41		0		0
449		2		2		1		20		6.32				11.21				15.76				19.98				23.89		27.50				30.82				33.86				36.64				39.17				41.45				43.51				45.35				46.99				48.44				49.70				50.80				51.74				52.53				53.20		0		0		0		0				0		0		0		0		0		42		0		0
450		2		2		1		20		6.32				11.21				15.76				19.98				23.89		27.50				30.82				33.86				36.64				39.17				41.45				43.51				45.35				46.99				48.44				49.70				50.80				51.74				52.53				53.20		0		0		0		0				0		0		0		0		0		43		0		0
451		2		3		1		20		1.81				3.03				4.16				5.22				6.20				7.10				7.93				8.69				9.39				10.02				10.59				11.10				11.56				11.97				12.33				12.65				12.92				13.16				13.36				13.52		0		0		448		0				0		0		0		0		0		45		0		0
452		2		3		1		20		1.20				2.02				2.78				3.48				4.13				4.73				5.29				5.79				6.26				6.68				7.06				7.40				7.71				7.98				8.22				8.43				8.62				8.77				8.91				9.02		0		0		449		0				0		0		0		0		0		46		0		0
453		2		3		1		20		1.81				3.03				4.16				5.22				6.20				7.10				7.93				8.69				9.39				10.02				10.59				11.10				11.56				11.97				12.33				12.65				12.92				13.16				13.36				13.52		0		0		450		0				0		0		0		0		0		47		0		0
454		2		3		1		20		1.20				2.02				2.78				3.48				4.13				4.73				5.29				5.79				6.26				6.68				7.06				7.40				7.71				7.98				8.22				8.43				8.62				8.77				8.91				9.02		219		219		0		0				0		0		0		0		0		48		0		0
455		2		4		1		20		5.02				9.09				12.88				16.40				19.66		22.66				25.43				27.97				30.28				32.39				34.30				36.01				37.55				38.91				40.11				41.17				42.08				42.86				43.53				44.08		215		215		0		0				0		0		0		0		0		49		0		0
456		2		4		1		20		5.02				9.09				12.88				16.40				19.66		22.66				25.43				27.97				30.28				32.39				34.30				36.01				37.55				38.91				40.11				41.17				42.08				42.86				43.53				44.08		230		230		0		0				0		0		0		0		0		50		0		0
457		2		5		1		20		5.02				9.09				12.88				16.40				19.66		22.66				25.43				27.97				30.28				32.39				34.30				36.01				37.55				38.91				40.11				41.17				42.08				42.86				43.53				44.08		0		0		0		0				0		0		0		0		0		53		0		0
458		2		5		1		20		5.02				9.09				12.88				16.40				19.66		22.66				25.43				27.97				30.28				32.39				34.30				36.01				37.55				38.91				40.11				41.17				42.08				42.86				43.53				44.08		214		214		0		0				0		0		0		0		0		55		0		0

459		2		7		1		20		0.32				0.4				0.5				0.6				0.7		0.80				0.9				1.86				2.64				3.17				4.45				5.51				6.35				7.99				8.44				9.70				10.80				11.74				12.53				13.20		221		221		0		0		0		0		0		0		0		61		0		0
460		2		6		1		20		0.32				0.4				0.5				0.6				0.7		0.80				0.9				1.86				2.64				3.17				4.45				5.51				6.35				7.99				8.44				9.70				10.80				11.74				12.53				13.20		222		222		0		0		0		0		0		0		0		58		0		0

461		2		8		10		10		0.00		0.00		0.00		0.00		0.00		0.00		0.00		0.00		0.00		0.00		0.00		0.00		0.00		0.00		0.00		0.00		0.00		0.00		0.00		0.00		461		0		459		460		0		0		0		0		0		66		0		0
462		2		7		1		20		12.04				20.18				27.76				34.80				41.31		47.33				52.86				57.94				62.57				66.78				70.59				74.02				77.09				79.82				82.23				84.34				86.16				87.73				89.05				90.16		214		458		458		0		0		0		0		0		0		63		0		0
463		2		9		1		20		1.20				2.02				2.78				3.48				4.13				4.73				5.29				5.79				6.26				6.68				7.06				7.40				7.71				7.98				8.22				8.43				8.62				8.77				8.91				9.02		461		461		461		0		0		0		0		0		0		70		0		0
465		3		2		1		20		5.02				9.09				12.88				16.40				19.66		22.66				25.43				27.97				30.28				32.39				34.30				36.01				37.55				38.91				40.11				41.17				42.08				42.86				43.53				44.08		0		0		0		0				0		0		0		0		0		77		0		0
466		3		2		1		20		6.32				11.21				15.76				19.98				23.89		27.50				30.82				33.86				36.64				39.17				41.45				43.51				45.35				46.99				48.44				49.70				50.80				51.74				52.53				53.20		0		0		0		0				0		0		0		0		0		78		0		0
467		3		3		1		20		11.54				19.68				27.26				34.30				40.81		46.83				52.36				57.44				62.07				66.28				70.09				73.52				76.59				79.32				81.73				83.84				85.66				87.23				88.55				89.66		0		0		465		0		0		0		0		0		0		81		0		0
468		3		3		1		10		1.00		2.00		3.00		4.00		5.00		6.00		7.00		8.00		9.00		10.00		0.00		0.00		0.00		0.00		0.00		0.00		0.00		0.00		0.00		0.00		0		0		466		0				0		0		0		0		0		82		0		0
469		3		4		1		20		1.81				3.03				4.16				5.22				6.20				7.10				7.93				8.69				9.39				10.02				10.59				11.10				11.56				11.97				12.33				12.65				12.92				13.16				13.36				13.52		218		218		0		0				0		0		0		0		0		85		0		0
470		3		5		1		20		1.81				3.03				4.16				5.22				6.20				7.10				7.93				8.69				9.39				10.02				10.59				11.10				11.56				11.97				12.33				12.65				12.92				13.16				13.36				13.52		218		469		469		0				0		0		0		0		0		89		0		0
471		3		5		1		20		5.02				9.09				12.88				16.40				19.66		22.66				25.43				27.97				30.28				32.39				34.30				36.01				37.55				38.91				40.11				41.17				42.08				42.86				43.53				44.08		0		0		0		0						0		0		0		0		0		90		0		0
472		3		6		1		20		8.03				14.54				20.61				26.24				31.45		36.26				40.69				44.75				48.45				51.82				54.87				57.62				60.07				62.26				64.18				65.87				67.33				68.58				69.64				70.53		218		470		470		0		0		0		0		0		0		93		0		0
473		3		6		1		20		6.32				11.21				15.76				19.98				23.89		27.50				30.82				33.86				36.64				39.17				41.45				43.51				45.35				46.99				48.44				49.70				50.80				51.74				52.53				53.20		0		0		471		0		0		0		0		0		0		94		0		0
//475		1		8		1		20		12.04				20.18				27.76				34.80				41.31		47.33				52.86				57.94				62.57				66.78				70.59				74.02				77.09				79.82				82.23				84.34				86.16				87.73				89.05				90.16		0		0		0		0		0		0		0		29		0		0		0		0
476		1		8		1		20		12.04				20.18				27.76				34.80				41.31		47.33				52.86				57.94				62.57				66.78				70.59				74.02				77.09				79.82				82.23				84.34				86.16				87.73				89.05				90.16		0		0		0		0		0		0		0		30		0		0		0		0
478		1		9		1		20		12.04				20.18				27.76				34.80				41.31		47.33				52.86				57.94				62.57				66.78				70.59				74.02				77.09				79.82				82.23				84.34				86.16				87.73				89.05				90.16		0		0		476		0		0		0		0		34		0		0		0		0
479		2		2		1		20		5.02				9.09				12.88				16.40				19.66		22.66				25.43				27.97				30.28				32.39				34.30				36.01				37.55				38.91				40.11				41.17				42.08				42.86				43.53				44.08		22		22		0		0				0		0		0		41		0		0		0		0
480		2		2		1		20		6.32				11.21				15.76				19.98				23.89		27.50				30.82				33.86				36.64				39.17				41.45				43.51				45.35				46.99				48.44				49.70				50.80				51.74				52.53				53.20		3		3		0		0				0		0		0		42		0		0		0		0
481		2		2		1		20		6.32				11.21				15.76				19.98				23.89		27.50				30.82				33.86				36.64				39.17				41.45				43.51				45.35				46.99				48.44				49.70				50.80				51.74				52.53				53.20		41		41		0		0				0		0		0		43		0		0		0		0
482		2		2		1		20		6.32				11.21				15.76				19.98				23.89		27.50				30.82				33.86				36.64				39.17				41.45				43.51				45.35				46.99				48.44				49.70				50.80				51.74				52.53				53.20		56		56		0		0				0		0		0		44		0		0		0		0
483		2		3		1		20		6.32				11.21				15.76				19.98				23.89		27.50				30.82				33.86				36.64				39.17				41.45				43.51				45.35				46.99				48.44				49.70				50.80				51.74				52.53				53.20		5		5		0		0				0		0		0		45		0		0		0		0
484		2		3		1		20		5.02				9.09				12.88				16.40				19.66		22.66				25.43				27.97				30.28				32.39				34.30				36.01				37.55				38.91				40.11				41.17				42.08				42.86				43.53				44.08		13		13		480		0				0		0		0		46		0		0		0		0
485		2		3		1		20		5.02				9.09				12.88				16.40				19.66		22.66				25.43				27.97				30.28				32.39				34.30				36.01				37.55				38.91				40.11				41.17				42.08				42.86				43.53				44.08		0		0		481		482				0		0		0		48		0		0		0		0
486		2		4		1		20		5.02				9.09				12.88				16.40				19.66		22.66				25.43				27.97				30.28				32.39				34.30				36.01				37.55				38.91				40.11				41.17				42.08				42.86				43.53				44.08		14		14		483		0				0		0		0		49		0		0		0		0
487		2		4		1		20		5.02				9.09				12.88				16.40				19.66		22.66				25.43				27.97				30.28				32.39				34.30				36.01				37.55				38.91				40.11				41.17				42.08				42.86				43.53				44.08		9		9		0		0				0		0		0		50		0		0		0		0
488		2		4		1		20		5.02				9.09				12.88				16.40				19.66		22.66				25.43				27.97				30.28				32.39				34.30				36.01				37.55				38.91				40.11				41.17				42.08				42.86				43.53				44.08		0		0		0		0				0		0		0		51		0		0		0		0
489		2		5		1		20		6.32				11.21				15.76				19.98				23.89		27.50				30.82				33.86				36.64				39.17				41.45				43.51				45.35				46.99				48.44				49.70				50.80				51.74				52.53				53.20		7		7		0		0				0		0		0		55		0		0		0		0
490		2		5		1		20		5.02				9.09				12.88				16.40				19.66		22.66				25.43				27.97				30.28				32.39				34.30				36.01				37.55				38.91				40.11				41.17				42.08				42.86				43.53				44.08		55		55		0		0				0		0		0		54		0		0		0		0
491		2		6		1		20		1.20				2.02				2.78				3.48				4.13				4.73				5.29				5.79				6.26				6.68				7.06				7.40				7.71				7.98				8.22				8.43				8.62				8.77				8.91				9.02		7		489		489		0		0		0		0		59		0		0		0		0
492		2		6		1		20		5.02				9.09				12.88				16.40				19.66		22.66				25.43				27.97				30.28				32.39				34.30				36.01				37.55				38.91				40.11				41.17				42.08				42.86				43.53				44.08		236		236		0		0		0		0		0		57		0		0		0		0
493		2		7		1		20		1.81				3.03				4.16				5.22				6.20				7.10				7.93				8.69				9.39				10.02				10.59				11.10				11.56				11.97				12.33				12.65				12.92				13.16				13.36				13.52		55		490		490		0		0		0		0		62		0		0		0		0
494		2		7		1		20		1.81				3.03				4.16				5.22				6.20				7.10				7.93				8.69				9.39				10.02				10.59				11.10				11.56				11.97				12.33				12.65				12.92				13.16				13.36				13.52		236		492		492		0		0		0		0		61		0		0		0		0
495		2		8		10		10		0.00		0.00		0.00		0.00		0.00		0.00		0.00		0.00		0.00		0.00		0.00		0.00		0.00		0.00		0.00		0.00		0.00		0.00		0.00		0.00		495		0		0		0		66		0		0		67		0		0		0		0
496		2		7		1		20		5.02				9.09				12.88				16.40				19.66		22.66				25.43				27.97				30.28				32.39				34.30				36.01				37.55				38.91				40.11				41.17				42.08				42.86				43.53				44.08		237		237		0		0		0		0		0		63		0		0		0		0
497		2		9		1		20		5.02				9.09				12.88				16.40				19.66		22.66				25.43				27.97				30.28				32.39				34.30				36.01				37.55				38.91				40.11				41.17				42.08				42.86				43.53				44.08		495		495		495		0		70		0		0		71		0		0		0		0
//504		1		8		1		20		12.04				20.18				27.76				34.80				41.31		47.33				52.86				57.94				62.57				66.78				70.59				74.02				77.09				79.82				82.23				84.34				86.16				87.73				89.05				90.16		0		0		0		0		0		0		0		0		29		0		0		0
505		1		8		1		20		12.04				20.18				27.76				34.80				41.31		47.33				52.86				57.94				62.57				66.78				70.59				74.02				77.09				79.82				82.23				84.34				86.16				87.73				89.05				90.16		0		0		0		0		0		0		0		0		30		0		0		0
506		1		6		1		20		12.04				20.18				27.76				34.80				41.31		47.33				52.86				57.94				62.57				66.78				70.59				74.02				77.09				79.82				82.23				84.34				86.16				87.73				89.05				90.16		0		0		0		0		0		0		0		0		21		0		0		0
507		1		9		1		20		12.04				20.18				27.76				34.80				41.31		47.33				52.86				57.94				62.57				66.78				70.59				74.02				77.09				79.82				82.23				84.34				86.16				87.73				89.05				90.16		0		0		505		0		0		0		0		0		34		0		0		0
508		2		2		1		20		5.02				9.09				12.88				16.40				19.66		22.66				25.43				27.97				30.28				32.39				34.30				36.01				37.55				38.91				40.11				41.17				42.08				42.86				43.53				44.08		61		61		0		0				0		0		0		0		41		0		0		0
509		2		2		1		20		6.32				11.21				15.76				19.98				23.89		27.50				30.82				33.86				36.64				39.17				41.45				43.51				45.35				46.99				48.44				49.70				50.80				51.74				52.53				53.20		60		60		0		0				0		0		0		0		42		0		0		0
510		2		2		1		20		12.04				20.18				27.76				34.80				41.31		47.33				52.86				57.94				62.57				66.78				70.59				74.02				77.09				79.82				82.23				84.34				86.16				87.73				89.05				90.16		0		0		0		0				0		0		0		0		43		0		0		0
511		2		3		1		20		6.32				11.21				15.76				19.98				23.89		27.50				30.82				33.86				36.64				39.17				41.45				43.51				45.35				46.99				48.44				49.70				50.80				51.74				52.53				53.20		64		64		0		0				0		0		0		0		46		0		0		0
512		2		3		1		20		5.02				9.09				12.88				16.40				19.66		22.66				25.43				27.97				30.28				32.39				34.30				36.01				37.55				38.91				40.11				41.17				42.08				42.86				43.53				44.08		62		62		510		0				0		0		0		0		47		0		0		0
513		2		3		1		20		5.02				9.09				12.88				16.40				19.66		22.66				25.43				27.97				30.28				32.39				34.30				36.01				37.55				38.91				40.11				41.17				42.08				42.86				43.53				44.08		0		0		0		0				0		0		0		0		48		0		0		0
514		2		4		1		20		1.20				2.02				2.78				3.48				4.13				4.73				5.29				5.79				6.26				6.68				7.06				7.40				7.71				7.98				8.22				8.43				8.62				8.77				8.91				9.02		61		508		508		0				0		0		0		0		49		0		0		0
515		2		4		1		20		8.03				14.54				20.61				26.24				31.45		36.26				40.69				44.75				48.45				51.82				54.87				57.62				60.07				62.26				64.18				65.87				67.33				68.58				69.64				70.53		64		511		511		0				0		0		0		0		50		0		0		0
516		2		4		1		20		1.20				2.02				2.78				3.48				4.13				4.73				5.29				5.79				6.26				6.68				7.06				7.40				7.71				7.98				8.22				8.43				8.62				8.77				8.91				9.02		62		512		512		0				0		0		0		0		51		0		0		0
517		2		5		1		20		1.81				3.03				4.16				5.22				6.20				7.10				7.93				8.69				9.39				10.02				10.59				11.10				11.56				11.97				12.33				12.65				12.92				13.16				13.36				13.52		64		515		515		0				0		0		0		0		54		0		0		0
518		2		5		1		20		5.02				9.09				12.88				16.40				19.66		22.66				25.43				27.97				30.28				32.39				34.30				36.01				37.55				38.91				40.11				41.17				42.08				42.86				43.53				44.08		78		78		0		0				0		0		0		0		55		0		0		0
519		2		6		1		20		6.32				11.21				15.76				19.98				23.89		27.50				30.82				33.86				36.64				39.17				41.45				43.51				45.35				46.99				48.44				49.70				50.80				51.74				52.53				53.20		65		65		0		0		0		0		0		0		57		0		0		0
520		2		6		1		20		11.54				19.68				27.26				34.30				40.81		46.83				52.36				57.44				62.07				66.28				70.09				73.52				76.59				79.32				81.73				83.84				85.66				87.23				88.55				89.66		78		518		518		0		0		0		0		0		59		0		0		0
521		2		8		10		10		0.00		0.00		0.00		0.00		0.00		0.00		0.00		0.00		0.00		0.00		0.00		0.00		0.00		0.00		0.00		0.00		0.00		0.00		0.00		0.00		521		0		0		0		0		0		0		0		66		0		0		0
522		2		7		1		20		1.20				2.02				2.78				3.48				4.13				4.73				5.29				5.79				6.26				6.68				7.06				7.40				7.71				7.98				8.22				8.43				8.62				8.77				8.91				9.02		64		517		517		0		0		0		0		0		62		0		0		0
523		2		7		1		20		5.02				9.09				12.88				16.40				19.66		22.66				25.43				27.97				30.28				32.39				34.30				36.01				37.55				38.91				40.11				41.17				42.08				42.86				43.53				44.08		238		238		0		0		0		0		0		0		63		0		0		0
524		2		9		1		20		6.32				11.21				15.76				19.98				23.89		27.50				30.82				33.86				36.64				39.17				41.45				43.51				45.35				46.99				48.44				49.70				50.80				51.74				52.53				53.20		521		521		521		0		0		0		0		0		70		0		0		0
526		3		2		1		20		6.32				11.21				15.76				19.98				23.89		27.50				30.82				33.86				36.64				39.17				41.45				43.51				45.35				46.99				48.44				49.70				50.80				51.74				52.53				53.20		0		0		0		0				0		0		0		0		77		0		0		0
527		3		2		1		20		5.02				9.09				12.88				16.40				19.66		22.66				25.43				27.97				30.28				32.39				34.30				36.01				37.55				38.91				40.11				41.17				42.08				42.86				43.53				44.08		0		0		0		0				0		0		0		0		78		0		0		0
528		3		2		1		20		8.03				14.54				20.61				26.24				31.45		36.26				40.69				44.75				48.45				51.82				54.87				57.62				60.07				62.26				64.18				65.87				67.33				68.58				69.64				70.53		0		0		0		0				0		0		0		0		79		0		0		0
529		3		2		1		20		6.32				11.21				15.76				19.98				23.89		27.50				30.82				33.86				36.64				39.17				41.45				43.51				45.35				46.99				48.44				49.70				50.80				51.74				52.53				53.20		0		0		0		0				0		0		0		0		80		0		0		0
530		3		3		1		20		1.81				3.03				4.16				5.22				6.20				7.10				7.93				8.69				9.39				10.02				10.59				11.10				11.56				11.97				12.33				12.65				12.92				13.16				13.36				13.52		0		0		526		0				0		0		0		0		81		0		0		0
531		3		3		1		20		11.54				19.68				27.26				34.30				40.81		46.83				52.36				57.44				62.07				66.28				70.09				73.52				76.59				79.32				81.73				83.84				85.66				87.23				88.55				89.66		0		0		527		0				0		0		0		0		82		0		0		0
532		3		3		1		20		12.04				20.18				27.76				34.80				41.31		47.33				52.86				57.94				62.57				66.78				70.59				74.02				77.09				79.82				82.23				84.34				86.16				87.73				89.05				90.16		0		0		528		0				0		0		0		0		83		0		0		0
533		3		3		1		20		38.22				24.82				19.41				16.50				14.68		13.45				12.57				11.90				11.39				10.99				10.67				10.40				10.19				10.01				9.86				9.74				9.64				9.56				9.49				9.44		0		0		529		0				0		0		0		0		84		0		0		0

//Index		Group		Rank		MinLevel		MaxLevel		MainValue1		MainValue2		MainValue3		MainValue4		MainValue5		MainValue6		MainValue7		MainValue8		MainValue9		MainValue10		MainValue11		MainValue12		MainValue13		MainValue14		MainValue15		MainValue16		MainValue17		MainValue18		MainValue19		MainValue20		RelatedSkill		ReplaceSkill		RequireSkill		RequireSkill		DW		DK		FE		MG		DL		SU		RF		GL
534		3		4		1		20		1.20				2.02				2.78				3.48				4.13				4.73				5.29				5.79				6.26				6.68				7.06				7.40				7.71				7.98				8.22				8.43				8.62				8.77				8.91				9.02		0		0		530		0				0		0		0		0		85		0		0		0
535		3		5		1		20		12.04				20.18				27.76				34.80				41.31		47.33				52.86				57.94				62.57				66.78				70.59				74.02				77.09				79.82				82.23				84.34				86.16				87.73				89.05				90.16		0		0		0		0				0		0		0		0		90		0		0		0
536		3		6		1		20		1.81				3.03				4.16				5.22				6.20				7.10				7.93				8.69				9.39				10.02				10.59				11.10				11.56				11.97				12.33				12.65				12.92				13.16				13.36				13.52		0		0		0		0		0		0		0		0		94		0		0		0
538		3		5		1		20		1.20				2.02				2.78				3.48				4.13				4.73				5.29				5.79				6.26				6.68				7.06				7.40				7.71				7.98				8.22				8.43				8.62				8.77				8.91				9.02		0		0		0		0		0		0		0		0		89		0		0		0
539		3		6		1		20		1.20				2.02				2.78				3.48				4.13				4.73				5.29				5.79				6.26				6.68				7.06				7.40				7.71				7.98				8.22				8.43				8.62				8.77				8.91				9.02		0		0		538		0		0		0		0		0		93		0		0		0
//548		1		8		1		20		12.04				20.18				27.76				34.80				41.31		47.33				52.86				57.94				62.57				66.78				70.59				74.02				77.09				79.82				82.23				84.34				86.16				87.73				89.05				90.16		0		0		0		0		0		0		0		0		0		0		29		0

//Index	Group	Rank	MinLvl	MaxLvl	MainValue1	MainValue2	MainValue3	MainValue4	MainValue5	MainValue6	MainValue7	MainValue8	MainValue9	MainValue10	MainValue11	MainValue12	MainValue13	MainValue14	MainValue15	MainValue16	MainValue17	MainValue18	MainValue19	MainValue20	RelatedSkill	ReplaceSkill	RequireSkill	RequireSkill	DW	DK	FE	MG	DL	SU	RF	GL
549		1		8		1		20		12			20			27			34			41			47			52			57			62			66			70			74			77			79			82			84			86			87			89			90			0				0				0				0				0	0	0	0	0	0	30	0
550		1		9		1		20		12			20			27			34			41			47			52			57			62			66			70			74			77			79			82			84			86			87			89			90			0				0				549				0				0	0	0	0	0	0	34	0
551		2		2		1		20		5			9			12			16			19			22			25			27			30			32			34			36			37			38			40			41			42			42			43			44			260				260				0				0				0	0	0	0	0	0	41	0
552		2		2		1		20		5			9			12			16			19			22			25			27			30			32			34			36			37			38			40			41			42			42			43			44			261				261				0				0				0	0	0	0	0	0	42	0
554		2		3		1		20		1.20		2.02		2.78		3.48		4.13		4.73		5.29		5.79		6.26		6.68		7.06		7.40		7.71		7.98		8.22		8.43		8.62		8.77		8.91		9.02		260				551				551				0				0	0	0	0	0	0	45	0
555		2		3		1		20		1.20		2.02		2.78		3.48		4.13		4.73		5.29		5.79		6.26		6.68		7.06		7.40		7.71		7.98		8.22		8.43		8.62		8.77		8.91		9.02		261				552				552				0				0	0	0	0	0	0	46	0
557		2		4		1		20		5			9			12			16			19			22			25			27			30			32			34			36			37			38			40			41			42			42			43			44			0				0				0				0				0	0	0	0	0	0	52	0
558		2		5		1		20		5			9			12			16			19			22			25			27			30			32			34			36			37			38			40			41			42			42			43			44			262				262				0				0				0	0	0	0	0	0	53	0
559		2		5		1		20		5			9			12			16			19			22			25			27			30			32			34			36			37			38			40			41			42			42			43			44			263				263				0				0				0	0	0	0	0	0	54	0
560		2		5		1		20		5			9			12			16			19			22			25			27			30			32			34			36			37			38			40			41			42			42			43			44			264				264				0				0				0	0	0	0	0	0	56	0

563		2		7		10		10		0.00		0.00		0.00		0.00		0.00		0.00		0.00		0.00		0.00		0.00		0.00		0.00		0.00		0.00		0.00		0.00		0.00		0.00		0.00		0.00		263				559				559				0				0	0	0	0	0	0	62	0
564		2		7		1		20		1.20		2.02		2.78		3.48		4.13		4.73		5.29		5.79		6.26		6.68		7.06		7.40		7.71		7.98		8.22		8.43		8.62		8.77		8.91		9.02		265				265				0				0				0	0	0	0	0	0	63	0
565		2		8		10		10		0.00		0.00		0.00		0.00		0.00		0.00		0.00		0.00		0.00		0.00		0.00		0.00		0.00		0.00		0.00		0.00		0.00		0.00		0.00		0.00		565				0				0				0				0	0	0	0	0	0	66	0

567		2		9		1		20		1.00		1.25		1.47		1.67		1.86		2.04		2.21		2.37		2.51		2.64		2.76		2.86		2.95		3.03		3.10		3.16		3.21		3.26		3.3			3.34		565				565				565				0				0	0	0	0	0	0	70	0
568		3		2		1		20		5			9			12			16			19			22			25			27			30			32			34			36			37			38			40			41			42			42			43			44			0				0				0				0				0	0	0	0	0	0	77	0
569		3		2		1		20		5.02		9.09		12.88		16.40		19.66		22.66		25.43		27.97		30.28		32.39		34.30		36.01		37.55		38.91		40.11		41.17		42.08		42.86		43.53		44.08		268				268				0				0				0	0	0	0	0	0	78	0

571		3		3		1		10		1.20		2.02		2.78		3.48		4.13		4.73		5.29		5.79		6.26		6.68		0			0			0			0			0			0			0			0			0			0			0				0				568				0				0	0	0	0	0	0	81	0
572		3		3		1		20		5			9			12			16			19			22			25			27			30			32			34			36			37			38			40			41			42			42			43			44			268				569				569				0				0	0	0	0	0	0	82	0
573		3		4		1		20		11			19			27			34			40			46			52			57			62			66			70			73			76			79			81			83			85			87			88			89			267				267				0				0				0	0	0	0	0	0	85	0


//574		3		4		1		20		11.54				19.68				27.26				34.30				40.81		46.83				52.36				57.44				62.07				66.28				70.09				73.52				76.59				79.32				81.73				83.84				85.66				87.23				88.55				89.66		267		267		0		0				0		0		0		0		0		0		0		0
//575		3		5		1		20		11.54				19.68				27.26				34.30				40.81		46.83				52.36				57.44				62.07				66.28				70.09				73.52				76.59				79.32				81.73				83.84				85.66				87.23				88.55				89.66		267		267		0		0				0		0		0		0		0		0		0		0
//577		3		6		1		20		11.54				19.68				27.26				34.30				40.81		46.83				52.36				57.44				62.07				66.28				70.09				73.52				76.59				79.32				81.73				83.84				85.66				87.23				88.55				89.66		267		267		0		0				0		0		0		0		0		0		0		0

//Index	Group	Rank	MinLvl	MaxLvl	MainValue1	MainValue2	MainValue3	MainValue4	MainValue5	MainValue6	MainValue7	MainValue8	MainValue9	MainValue10	MainValue11	MainValue12	MainValue13	MainValue14	MainValue15	MainValue16	MainValue17	MainValue18	MainValue19	MainValue20	RelatedSkill	ReplaceSkill	RequireSkill	RequireSkill	DW	DK	FE	MG	DL	SU	RF	GL
578		1		1		1		20		12.04		20.18		27.76		34.80		41.31		47.33		52.86		57.94		62.57		66.78		70.59		74.02		77.09		79.82		82.23		84.34		86.16		87.73		89.05		90.16		0				0				0				0				0	0	0	0	0	0	1	1
579		1		1		1		20		614			1029		1415		1774		2106		2413		2695		2954		3190		3405		3600		3775		3931		4070		4193		4301		4394		4474		4541		4598		0				0				0				0				0	0	0	0	0	0	4	0
580		1		2		1		20		511			857			1179		1478		1755		2011		2246		2462		2659		2838		3000		3145		3276		3392		3494		3584		3661		3728		3784		3831		0				0				0				0				0	0	0	0	0	0	6	0
581		1		2		1		20		1.81		3.03		4.16		5.22		6.20		7.10		7.93		8.69		9.39		10.02		10.59		11.10		11.56		11.97		12.33		12.65		12.92		13.16		13.36		13.52		0				0				0				0				0	0	0	0	0	0	8	0
583		1		3		1		20		12.04		20.18		27.76		34.80		41.31		47.33		52.86		57.94		62.57		66.78		70.59		74.02		77.09		79.82		82.23		84.34		86.16		87.73		89.05		90.16		0				0				578				0				0	0	0	0	0	0	9	0
584		1		3		1		20		1.20		2.02		2.78		3.48		4.13		4.73		5.29		5.79		6.26		6.68		7.06		7.40		7.71		7.98		8.22		8.43		8.62		8.77		8.91		9.02		0				0				580				0				0	0	0	0	0	0	10	0
585		1		3		1		20		1.20		2.02		2.78		3.48		4.13		4.73		5.29		5.79		6.26		6.68		7.06		7.40		7.71		7.98		8.22		8.43		8.62		8.77		8.91		9.02		0				0				581				0				0	0	0	0	0	0	12	0
587		1		4		1		20		60			100			138			173			206			236			264			289			312			333			352			370			385			399			411			421			430			438			445			450			0				0				0				0				0	0	0	0	0	0	14	0
588		1		4		1		20		1.20		2.02		2.78		3.48		4.13		4.73		5.29		5.79		6.26		6.68		7.06		7.40		7.71		7.98		8.22		8.43		8.62		8.77		8.91		9.02		0				0				585				0				0	0	0	0	0	0	16	0
590		1		5		1		20		12.04		20.18		27.76		34.80		41.31		47.33		52.86		57.94		62.57		66.78		70.59		74.02		77.09		79.82		82.23		84.34		86.16		87.73		89.05		90.16		0				0				583				0				0	0	0	0	0	0	17	0
591		1		5		1		20		1.20		2.02		2.78		3.48		4.13		4.73		5.29		5.79		6.26		6.68		7.06		7.40		7.71		7.98		8.22		8.43		8.62		8.77		8.91		9.02		0				0				587				0				0	0	0	0	0	0	18	0
593		1		6		1		20		6			11			15			19			23			27			30			33			36			39			41			43			45			46			48			49			50			51			52			53			0				0				0				0				0	0	0	0	0	0	23	0
594		1		6		1		20		1.00		1.25		1.47		1.67		1.86		2.04		2.21		2.37		2.51		2.64		2.76		2.86		2.95		3.03		3.10		3.16		3.21		3.26		3.3			3.34		0				0				593				0				0	0	0	0	0	0	24	0
595		1		7		1		20		12			20			27			34			41			47			52			57			62			66			70			74			77			79			82			84			86			87			89			90			0				0				0				0				0	0	0	0	0	0	25	0
596		1		7		1		20		12			20			27			34			41			47			52			57			62			66			70			74			77			79			82			84			86			87			89			90			0				0				0				0				0	0	0	0	0	0	26	0
597		1		7		1		20		12			20			27			34			41			47			52			57			62			66			70			74			77			79			82			84			86			87			89			90			0				0				0				0				0	0	0	0	0	0	27	0
598		1		7		1		20		12			20			27			34			41			47			52			57			62			66			70			74			77			79			82			84			86			87			89			90			0				0				0				0				0	0	0	0	0	0	28	0
599		2		1		1		20		511			857			1179		1478		1755		2011		2246		2462		2659		2838		3000		3145		3276		3392		3494		3584		3661		3728		3784		3831		0				0				0				0				0	0	0	0	0	0	37	0

//Index	Group	Rank	MinLvl	MaxLvl	MainValue1	MainValue2	MainValue3	MainValue4	MainValue5	MainValue6	MainValue7	MainValue8	MainValue9	MainValue10	MainValue11	MainValue12	MainValue13	MainValue14	MainValue15	MainValue16	MainValue17	MainValue18	MainValue19	MainValue20	RelatedSkill	ReplaceSkill	RequireSkill	RequireSkill	DW	DK	FE	MG	DL	SU	RF	GL
600		2		4		1		20		102			171			235			295			351			402			449			492			531			567			600			629			655			678			698			716			732			745			756			766			0				0				0				0				0	0	0	0	0	0	51	0
601		2		5		1		20		102			171			235			295			351			402			449			492			531			567			600			629			655			678			698			716			732			745			756			766			0				0				600				0				0	0	0	0	0	0	55	0
602		2		6		1		20		27			47			65			82			97			112			125			137			148			159			168			176			183			190			196			201			205			209			212			215			0				0				601				0				0	0	0	0	0	0	59	0
603		3		1		1		20		818			1372		1887		2366		2809		3218		3594		3939		4254		4541		4800		5033		5242		5427		5591		5734		5859		5965		6055		6130		0				0				0				0				0	0	0	0	0	0	73	0
604		3		4		1		20		7.22		12.11		16.66		20.88		24.79		28.40		31.72		34.76		37.54		40.07		42.35		44.41		46.25		47.89		49.34		50.60		51.70		52.64		53.43		54.10		0				0				0				0				0	0	0	0	0	0	86	0
605		3		4		1		20		9.14		5.45		3.96		3.16		2.66		2.32		2.08		1.90		1.76		1.65		1.56		1.49		1.43		1.38		1.34		1.30		1.28		1.25		1.24		1.22		0				0				0				0				0	0	0	0	0	0	87	0
606		3		4		1		20		43.19		25.77		18.73		14.94		12.59		10.99		9.84		8.98		8.31		7.79		7.37		7.02		6.75		6.51		6.32		6.17		6.04		5.93		5.84		5.77		0				0				0				0				0	0	0	0	0	0	88	0
607		3		5		1		20		5			9			12			16			19			22			25			27			30			32			34			36			37			38			40			41			42			42			43			44			0				0				0				0				0	0	0	0	0	0	90	0
608		3		5		1		20		43.19		25.77		18.73		14.94		12.59		10.99		9.84		8.98		8.31		7.79		7.37		7.02		6.75		6.51		6.32		6.17		6.04		5.93		5.84		5.77		0				0				606				0				0	0	0	0	0	0	92	0
609		3		6		1		20		6			11			15			19			23			27			30			33			36			39			41			43			45			46			48			49			50			51			52			53			0				0				607				0				0	0	0	0	0	0	94	0
610		3		6		1		20		1.00		1.25		1.47		1.67		1.86		2.04		2.21		2.37		2.51		2.64		2.76		2.86		2.95		3.03		3.10		3.16		3.21		3.26		3.3			3.34		0				0				0				0				0	0	0	0	0	0	96	0
611		3		7		1		20		1.00		1.25		1.47		1.67		1.86		2.04		2.21		2.37		2.51		2.64		2.76		2.86		2.95		3.03		3.10		3.16		3.21		3.26		3.3			3.34		0				0				0				0				0	0	0	0	0	0	97	0
612		3		7		1		20		1.00		1.25		1.47		1.67		1.86		2.04		2.21		2.37		2.51		2.64		2.76		2.86		2.95		3.03		3.10		3.16		3.21		3.26		3.3			3.34		0				0				0				0				0	0	0	0	0	0	98	0
613		3		7		1		20		1.00		1.25		1.47		1.67		1.86		2.04		2.21		2.37		2.51		2.64		2.76		2.86		2.95		3.03		3.10		3.16		3.21		3.26		3.3			3.34		0				0				610				0				0	0	0	0	0	0	100	0
614		3		8		1		20		1.00		1.25		1.47		1.67		1.86		2.04		2.21		2.37		2.51		2.64		2.76		2.86		2.95		3.03		3.10		3.16		3.21		3.26		3.3			3.34		0				0				0				0				0	0	0	0	0	0	104	0
615		3		9		1		20		1.00		1.25		1.47		1.67		1.86		2.04		2.21		2.37		2.51		2.64		2.76		2.86		2.95		3.03		3.10		3.16		3.21		3.26		3.3			3.34		0				0				614				0				0	0	0	0	0	0	108	0
616		3		8		1		20		1.00		1.25		1.47		1.67		1.86		2.04		2.21		2.37		2.51		2.64		2.76		2.86		2.95		3.03		3.10		3.16		3.21		3.26		3.3			3.34		0				0				612				0				0	0	0	0	0	0	102	0


617		3		9		1		20		1.00		1.25		1.47		1.67		1.86		2.04		2.21		2.37		2.51		2.64		2.76		2.86		2.95		3.03		3.10		3.16		3.21		3.26		3.3		3.34		0		0		0		0		0		0		0		0		0		0		107		0


//Index	Group	Rank	MinLvl	MaxLvl	MainValue1	MainValue2	MainValue3	MainValue4	MainValue5	MainValue6	MainValue7	MainValue8	MainValue9	MainValue10	MainValue11	MainValue12	MainValue13	MainValue14	MainValue15	MainValue16	MainValue17	MainValue18	MainValue19	MainValue20	RelatedSkill	ReplaceSkill	RequireSkill	RequireSkill	DW	DK	FE	MG	DL	SU	RF	GL
623		1		8		1		20		1.00		1.82		2.58		3.28		3.93		4.53		5.09		5.59		6.06		6.48		6.86		7.20		7.51		7.78		8.02		8.23		8.42		8.57		8.71		8.82		0				0				0				0				0	32	0	0	0	0	0	0
624		1		8		1		20		1.00		1.41		1.79		2.14		2.47		2.77		3.04		3.30		3.53		3.74		3.93		4.10		4.25		4.39		4.51		4.62		4.71		4.79		4.85		4.91		0				0				0				0				0	31	0	0	0	0	0	0
625		1		9		1		20		1.00		1.41		1.79		2.14		2.47		2.77		3.04		3.30		3.53		3.74		3.93		4.10		4.25		4.39		4.51		4.62		4.71		4.79		4.85		4.91		623				0				0				0				0	36	0	0	0	0	0	0
626		1		9		1		20		33			56			77			97			115			132			148			162			175			186			197			207			215			223			230			236			241			245			249			252			0				0				0				0				0	35	0	0	0	0	0	0


627		1		9		1		20		1.20				2.02				2.78				3.48				4.13				4.73				5.29				5.79				6.26				6.68				7.06				7.40				7.71				7.98				8.22				8.43				8.62				8.77				8.91				9.02		0		0		0		0		0		33		0		0		0		0		0		0

//Index	Group	Rank	MinLvl	MaxLvl	MainValue1	MainValue2	MainValue3	MainValue4	MainValue5	MainValue6	MainValue7	MainValue8	MainValue9	MainValue10	MainValue11	MainValue12	MainValue13	MainValue14	MainValue15	MainValue16	MainValue17	MainValue18	MainValue19	MainValue20	RelatedSkill	ReplaceSkill	RequireSkill	RequireSkill	DW	DK	FE	MG	DL	SU	RF	GL
628		3		7		1		20		5			9			12			16			19			22			25			27			30			32			34			36			37			38			40			41			42			43			44			45			0				0				0				0				0	99	0	0	0	0	0	0
629		3		9		1		20		6			11			15			19			23			27			30			33			36			39			41			43			45			46			48			49			50			51			52			53			628				0				0				0				0	107	0	0	0	0	0	0
630		3		8		1		20		5			9			12			16			19			22			25			27			30			32			34			36			37			38			40			41			42			43			44			45			0				0				0				0				0	101	0	0	0	0	0	0

//Index	Group	Rank	MinLvl	MaxLvl	MainValue1	MainValue2	MainValue3	MainValue4	MainValue5	MainValue6	MainValue7	MainValue8	MainValue9	MainValue10	MainValue11	MainValue12	MainValue13	MainValue14	MainValue15	MainValue16	MainValue17	MainValue18	MainValue19	MainValue20	RelatedSkill	ReplaceSkill	RequireSkill	RequireSkill	DW	DK	FE	MG	DL	SU	RF	GL
//Add Rush
631		2		8		10		10		0.00		0.00		0.00		0.00		0.00		0.00		0.00		0.00		0.00		0.00		0.00		0.00		0.00		0.00		0.00		0.00		0.00		0.00		0.00		0.00		0				0				0				0				0	67	0	0	0	0	0	0

632		2		8		10		10		0.00		0.00		0.00		0.00		0.00		0.00		0.00		0.00		0.00		0.00		0.00		0.00		0.00		0.00		0.00		0.00		0.00		0.00		0.00		0.00		0		0		0		0				0		68		0		0		0		0		0		0
633		2		9		1		20		6		11		15		19		23		27		30		33		36		39		41		43		45		46		48		49		50		51		52		53		632		0		0		0				0		72		0		0		0		0		0		0
//XI		2
634		1		8		1		20		1.00		1.82		2.58		3.28		3.93		4.53		5.09		5.59		6.06		6.48		6.86		7.20		7.51		7.78		8.02		8.23		8.42		8.57		8.71		8.82		0		0		0		0				32		0		0		0		0		0		0		0
635		1		9		1		20		1.00		1.82		2.58		3.28		3.93		4.53		5.09		5.59		6.06		6.48		6.86		7.20		7.51		7.78		8.02		8.23		8.42		8.57		8.71		8.82		0		0		0		0				0		0		0		0		0		0		0		0
636		1		9		1		20		1.00		1.41		1.79		2.14		2.47		2.77		3.04		3.30		3.53		3.74		3.93		4.10		4.25		4.39		4.51		4.62		4.71		4.79		4.85		4.91		634		0		0		0				36		0		0		0		0		0		0		0
637		1		9		1		20		33		56		77		97		115		132		148		162		175		186		197		207		215		223		230		236		241		245		249		252		0		0		0		0				35		0		0		0		0		0		0		0
638		1		9		1		20		1.20				2.02				2.78				3.48				4.13				4.73				5.29				5.79				6.26				6.68				7.06				7.40				7.71				7.98				8.22				8.43				8.62				8.77				8.91				9.02		0		0		0		0				33		0		0		0		0		0		0		0
639		3		7		1		20		5		9		12		16		19		22		25		27		30		32		34		36		37		38		40		41		42		43		44		45		0		0		0		0				99		0		0		0		0		0		0		0
640		3		9		1		20		6		11		15		19		23		27		30		33		36		39		41		43		45		46		48		49		50		51		52		53		639		0		0		0				107		0		0		0		0		0		0		0
641		3		7		1		20		5		9		12		16		19		22		25		27		30		32		34		36		37		38		40		41		42		43		44		45		0		0		0		0				101		0		0		0		0		0		0		0
642		2		9		10		10		0.00		0.00		0.00		0.00		0.00		0.00		0.00		0.00		0.00		0.00		0.00		0.00		0.00		0.00		0.00		0.00		0.00		0.00		0.00		0.00		0		0		0		0				69		0		0		0		0		0		0		0
//XI		3
643		1		8		1		20		1.00		1.82		2.58		3.28		3.93		4.53		5.09		5.59		6.06		6.48		6.86		7.20		7.51		7.78		8.02		8.23		8.42		8.57		8.71		8.82		0		0		0		0				0		0		32		0		0		0		0		0
644		1		9		1		20		1.00		1.41		1.79		2.14		2.47		2.77		3.04		3.30		3.53		3.74		3.93		4.10		4.25		4.39		4.51		4.62		4.71		4.79		4.85		4.91		0		0		0		0				0		0		0		0		0		0		0		0
645		1		9		1		20		1.00		1.41		1.79		2.14		2.47		2.77		3.04		3.30		3.53		3.74		3.93		4.10		4.25		4.39		4.51		4.62		4.71		4.79		4.85		4.91		643		0		0		0				0		0		36		0		0		0		0		0
646		1		9		1		20		33		56		77		97		115		132		148		162		175		186		197		207		215		223		230		236		241		245		249		252		0		0		0		0				0		0		35		0		0		0		0		0
647		1		9		1		20		1.20				2.02				2.78				3.48				4.13				4.73				5.29				5.79				6.26				6.68				7.06				7.40				7.71				7.98				8.22				8.43				8.62				8.77				8.91				9.02		0		0		0		0				0		0		33		0		0		0		0		0
648		3		7		1		20		5		9		12		16		19		22		25		27		30		32		34		36		37		38		40		41		42		43		44		45		0		0		0		0				0		0		99		0		0		0		0		0
649		3		9		1		20		6		11		15		19		23		27		30		33		36		39		41		43		45		46		48		49		50		51		52		53		648		0		0		0				0		0		107		0		0		0		0		0
650		3		8		1		20		5		9		12		16		19		22		25		27		30		32		34		36		37		38		40		41		42		43		44		45		0		0		0		0				0		0		101		0		0		0		0		0
651		2		9		10		10		0		0.00		0.00		0.00		0.00		0.00		0.00		0.00		0.00		0.00		0.00		0.00		0.00		0.00		0.00		0.00		0.00		0.00		0.00		0.00		0		0		0		0				0		0		69		0		0		0		0		0
652		2		9		10		10		0		0.00		0.00		0.00		0.00		0.00		0.00		0.00		0.00		0.00		0.00		0.00		0.00		0.00		0.00		0.00		0.00		0.00		0.00		0.00		0		0		0		0				0		0		72		0		0		0		0		0
//XI		3
653		1		8		1		20		1.00		1.82		2.58		3.28		3.93		4.53		5.09		5.59		6.06		6.48		6.86		7.20		7.51		7.78		8.02		8.23		8.42		8.57		8.71		8.82		0		0		0		0				0		0		0		0		0		0		0		0
654		1		9		1		20		1.00		1.41		1.79		2.14		2.47		2.77		3.04		3.30		3.53		3.74		3.93		4.10		4.25		4.39		4.51		4.62		4.71		4.79		4.85		4.91		0		0		0		0				0		0		0		0		0		0		0		0
655		1		9		1		20		1.00		1.41		1.79		2.14		2.47		2.77		3.04		3.30		3.53		3.74		3.93		4.10		4.25		4.39		4.51		4.62		4.71		4.79		4.85		4.91		0		0		0		0				0		0		0		0		0		0		0		0
656		1		9		1		20		33		56		77		97		115		132		148		162		175		186		197		207		215		223		230		236		241		245		249		252		0		0		0		0				0		0		0		0		0		35		0		0
657		1		9		1		20		1.20				2.02				2.78				3.48				4.13				4.73				5.29				5.79				6.26				6.68				7.06				7.40				7.71				7.98				8.22				8.43				8.62				8.77				8.91				9.02		0		0		0		0				0		0		0		0		0		33		0		0
658		3		7		1		20		5		9		12		16		19		22		25		27		30		32		34		36		37		38		40		41		42		43		44		45		0		0		0		0				0		0		0		0		0		99		0		0
659		3		9		1		20		6		11		15		19		23		27		30		33		36		39		41		43		45		46		48		49		50		51		52		53		658		0		0		0				0		0		0		0		0		107		0		0
660		3		8		1		20		5		9		12		16		19		22		25		27		30		32		34		36		37		38		40		41		42		43		44		45		0		0		0		0				0		0		0		0		0		101		0		0
661		2		8		10		10		0		0.00		0.00		0.00		0.00		0.00		0.00		0.00		0.00		0.00		0.00		0.00		0.00		0.00		0.00		0.00		0.00		0.00		0.00		0.00		0		0		0		0				0		0		0		0		0		67		0		0
662		2		9		1		20		0		0.00		0.00		0.00		0.00		0.00		0.00		0.00		0.00		0.00		0.00		0.00		0.00		0.00		0.00		0.00		0.00		0.00		0.00		0.00		661		0		0		0				0		0		0		0		0		71		0		0
//XI		4
//Index		Group		Rank		MinLevel		MaxLevel		MainValue1		MainValue2		MainValue3		MainValue4		MainValue5		MainValue6		MainValue7		MainValue8		MainValue9		MainValue10		MainValue11		MainValue12		MainValue13		MainValue14		MainValue15		MainValue16		MainValue17		MainValue18		MainValue19		MainValue20		RelatedSkill		ReplaceSkill		RequireSkill		RequireSkill		DW		DK		FE		MG		DL		SU		RF		GL
663		1		8		1		20		1.00		1.82		2.58		3.28		3.93		4.53		5.09		5.59		6.06		6.48		6.86		7.20		7.51		7.78		8.02		8.23		8.42		8.57		8.71		8.82		0		0		0		0				0		0		0		32		0		0		0		0
664		1		8		1		20		1.00		1.41		1.79		2.14		2.47		2.77		3.04		3.30		3.53		3.74		3.93		4.10		4.25		4.39		4.51		4.62		4.71		4.79		4.85		4.91		0		0		0		0				0		0		0		31		0		0		0		0
665		1		9		1		20		1.00		1.41		1.79		2.14		2.47		2.77		3.04		3.30		3.53		3.74		3.93		4.10		4.25		4.39		4.51		4.62		4.71		4.79		4.85		4.91		663		0		0		0				0		0		0		36		0		0		0		0
666		1		9		1		20		33		56		77		97		115		132		148		162		175		186		197		207		215		223		230		236		241		245		249		252		0		0		0		0				0		0		0		35		0		0		0		0
667		1		9		1		20		1.20				2.02				2.78				3.48				4.13				4.73				5.29				5.79				6.26				6.68				7.06				7.40				7.71				7.98				8.22				8.43				8.62				8.77				8.91				9.02		0		0		0		0				0		0		0		33		0		0		0		0
668		3		7		1		20		5		9		12		16		19		22		25		27		30		32		34		36		37		38		40		41		42		43		44		45		0		0		0		0				0		0		0		99		0		0		0		0
669		3		9		1		20		6		11		15		19		23		27		30		33		36		39		41		43		45		46		48		49		50		51		52		53		668		0		0		0				0		0		0		107		0		0		0		0
//XI		5
670		1		8		1		20		1.00		1.82		2.58		3.28		3.93		4.53		5.09		5.59		6.06		6.48		6.86		7.20		7.51		7.78		8.02		8.23		8.42		8.57		8.71		8.82		0		0		0		0				0		0		0		0		32		0		0		0
671		1		9		1		20		1.00		1.41		1.79		2.14		2.47		2.77		3.04		3.30		3.53		3.74		3.93		4.10		4.25		4.39		4.51		4.62		4.71		4.79		4.85		4.91		0		0		0		0				0		0		0		0		0		0		0		0
672		1		9		1		20		1.00		1.41		1.79		2.14		2.47		2.77		3.04		3.30		3.53		3.74		3.93		4.10		4.25		4.39		4.51		4.62		4.71		4.79		4.85		4.91		670		0		0		0				0		0		0		0		36		0		0		0
673		1		9		1		20		33		56		77		97		115		132		148		162		175		186		197		207		215		223		230		236		241		245		249		252		0		0		0		0				0		0		0		0		35		0		0		0
674		1		9		1		20		1.20				2.02				2.78				3.48				4.13				4.73				5.29				5.79				6.26				6.68				7.06				7.40				7.71				7.98				8.22				8.43				8.62				8.77				8.91				9.02		0		0		0		0				0		0		0		0		33		0		0		0
675		3		7		1		20		5		9		12		16		19		22		25		27		30		32		34		36		37		38		40		41		42		43		44		45		0		0		0		0				0		0		0		0		99		0		0		0
676		3		9		1		20		6		11		15		19		23		27		30		33		36		39		41		43		45		46		48		49		50		51		52		53		675		0		0		0				0		0		0		0		107		0		0		0
//XI		6


677		1		8		1		20		1.00		1.82		2.58		3.28		3.93		4.53		5.09		5.59		6.06		6.48		6.86		7.20		7.51		7.78		8.02		8.23		8.42		8.57		8.71		8.82		0		0		0		0				0		0		0		0		0		0		0		0
678		1		9		1		20		1.00		1.41		1.79		2.14		2.47		2.77		3.04		3.30		3.53		3.74		3.93		4.10		4.25		4.39		4.51		4.62		4.71		4.79		4.85		4.91		0		0		0		0				0		0		0		0		0		0		0		0
679		1		9		1		20		1.00		1.41		1.79		2.14		2.47		2.77		3.04		3.30		3.53		3.74		3.93		4.10		4.25		4.39		4.51		4.62		4.71		4.79		4.85		4.91		0		0		0		0				0		0		0		0		0		0		0		0

//Index	Group	Rank	MinLvl	MaxLvl	MainValue1	MainValue2	MainValue3	MainValue4	MainValue5	MainValue6	MainValue7	MainValue8	MainValue9	MainValue10	MainValue11	MainValue12	MainValue13	MainValue14	MainValue15	MainValue16	MainValue17	MainValue18	MainValue19	MainValue20	RelatedSkill	ReplaceSkill	RequireSkill	RequireSkill	DW	DK	FE	MG	DL	SU	RF	GL
680		1		9		1		20		33			56			77			97			115			132			148			162			175			186			197			207			215			223			230			236			241			245			249			252			0				0				0				0				0	0	0	0	0	0	35	0


681		1		9		1		20		1.20				2.02				2.78				3.48				4.13				4.73				5.29				5.79				6.26				6.68				7.06				7.40				7.71				7.98				8.22				8.43				8.62				8.77				8.91				9.02		0		0		0		0				0		0		0		0		0		0		33		0

//Index	Group	Rank	MinLvl	MaxLvl	MainValue1	MainValue2	MainValue3	MainValue4	MainValue5	MainValue6	MainValue7	MainValue8	MainValue9	MainValue10	MainValue11	MainValue12	MainValue13	MainValue14	MainValue15	MainValue16	MainValue17	MainValue18	MainValue19	MainValue20	RelatedSkill	ReplaceSkill	RequireSkill	RequireSkill	DW	DK	FE	MG	DL	SU	RF	GL
682		3		7		1		20		5			9			12			16			19			22			25			27			30			32			34			36			37			38			40			41			42			42			43			44			0				0				0				0				0	0	0	0	0	0	99	0
683		3		9		1		20		6			11			15			19			23			27			30			33			36			39			41			43			45			46			48			49			50			51			52			53			682				0				682				0				0	0	0	0	0	0	107	0


//XI		7
684		1		8		1		20		12.04				20.18				27.76				34.80				41.31		47.33				52.86				57.94				62.57				66.78				70.59				74.02				77.09				79.82				82.23				84.34				86.16				87.73				89.05				90.16		0		0		0		0				0		0		0		0		0		0		0		0
685		1		8		1		20		12.04				20.18				27.76				34.80				41.31		47.33				52.86				57.94				62.57				66.78				70.59				74.02				77.09				79.82				82.23				84.34				86.16				87.73				89.05				90.16		0		0		0		0				0		0		0		0		0		0		0		30
686		1		9		1		20		12.04				20.18				27.76				34.80				41.31		47.33				52.86				57.94				62.57				66.78				70.59				74.02				77.09				79.82				82.23				84.34				86.16				87.73				89.05				90.16		685		0		0		0				0		0		0		0		0		0		0		34
687		2		2		1		20		6.32				11.21				15.76				19.98				23.89		27.50				30.82				33.86				36.64				39.17				41.45				43.51				45.35				46.99				48.44				49.70				50.80				51.74				52.53				53.20		271		271		0		0				0		0		0		0		0		0		0		42
688		2		2		1		20		8.03				14.54				20.61				26.24				31.45		36.26				40.69				44.75				48.45				51.82				54.87				57.62				60.07				62.26				64.18				65.87				67.33				68.58				69.64				70.53		276		276		0		0				0		0		0		0		0		0		0		43
689		2		3		1		20		5.02				9.09				12.88				16.40				19.66		22.66				25.43				27.97				30.28				32.39				34.30				36.01				37.55				38.91				40.11				41.17				42.08				42.86				43.53				44.08		0		0		0		0				0		0		0		0		0		0		0		48
690		2		4		1		20		8.03				14.54				20.61				26.24				31.45		36.26				40.69				44.75				48.45				51.82				54.87				57.62				60.07				62.26				64.18				65.87				67.33				68.58				69.64				70.53		271		687		687		0				0		0		0		0		0		0		0		50
691		2		4		10		10		1		1.00		1.00		1.00		1.00		1.00		1.00		1.00		1.00		1.00		1.00		1.00		1.00		1.00		1.00		1.00		1.00		1.00		1.00		1.00		276		688		688		0				0		0		0		0		0		0		0		51
692		2		5		1		20		8.03				14.54				20.61				26.24				31.45		36.26				40.69				44.75				48.45				51.82				54.87				57.62				60.07				62.26				64.18				65.87				67.33				68.58				69.64				70.53		274		274		0		0				0		0		0		0		0		0		0		54
693		2		5		1		20		7.22				12.11				16.66				20.88				24.79		28.40				31.72				34.76				37.54				40.07				42.35				44.41				46.25				47.89				49.34				50.60				51.70				52.64				53.43				54.10		273		273		0		0				0		0		0		0		0		0		0		53
694		2		6		1		20		1.81				3.03				4.16				5.22				6.20				7.10				7.93				8.69				9.39				10.02				10.59				11.10				11.56				11.97				12.33				12.65				12.92				13.16				13.36				13.52		274		692		692		0				0		0		0		0		0		0		0		58
695		2		7		10		10		0		0.00		0.00		0.00		0.00		0.00		0.00		0.00		0.00		0.00		0.00		0.00		0.00		0.00		0.00		0.00		0.00		0.00		0.00		0.00		274		692		692		0				0		0		0		0		0		0		0		62
696		2		5		1		20		8.03				14.54				20.61				26.24				31.45		36.26				40.69				44.75				48.45				51.82				54.87				57.62				60.07				62.26				64.18				65.87				67.33				68.58				69.64				70.53		279		279		0		0				0		0		0		0		0		0		0		55
697		2		6		1		20		1.81				3.03				4.16				5.22				6.20				7.10				7.93				8.69				9.39				10.02				10.59				11.10				11.56				11.97				12.33				12.65				12.92				13.16				13.36				13.52		279		696		696		0				0		0		0		0		0		0		0		59
698		2		7		10		10		4		4.00		4.00		4.00		4.00		4.00		4.00		4.00		4.00		4.00		4.00		4.00		4.00		4.00		4.00		4.00		4.00		4.00		4.00		4.00		279		696		696		0				0		0		0		0		0		0		0		63
699		2		7		1		20		11.54				19.68				27.26				34.30				40.81		46.83				52.36				57.44				62.07				66.28				70.09				73.52				76.59				79.32				81.73				83.84				85.66				87.23				88.55				89.66		277		277		0		0				0		0		0		0		0		0		0		61
700		2		8		10		10		0		0.00		0.00		0.00		0.00		0.00		0.00		0.00		0.00		0.00		0.00		0.00		0.00		0.00		0.00		0.00		0.00		0.00		0.00		0.00		0		0		0		0				0		0		0		0		0		0		0		66
701		2		9		1		20		1.81				3.03				4.16				5.22				6.20				7.10				7.93				8.69				9.39				10.02				10.59				11.10				11.56				11.97				12.33				12.65				12.92				13.16				13.36				13.52		700		700		0		0				0		0		0		0		0		0		0		70
702		3		2		1		20		5.02				9.09				12.88				16.40				19.66		22.66				25.43				27.97				30.28				32.39				34.30				36.01				37.55				38.91				40.11				41.17				42.08				42.86				43.53				44.08		0		0		0		0				0		0		0		0		0		0		0		77
703		3		2		1		20		8.03				14.54				20.61				26.24				31.45		36.26				40.69				44.75				48.45				51.82				54.87				57.62				60.07				62.26				64.18				65.87				67.33				68.58				69.64				70.53		272		272		0		0				0		0		0		0		0		0		0		78
704		3		2		1		20		8.03				14.54				20.61				26.24				31.45		36.26				40.69				44.75				48.45				51.82				54.87				57.62				60.07				62.26				64.18				65.87				67.33				68.58				69.64				70.53		0		0		0		0				0		0		0		0		0		0		0		80
705		3		3		1		20		1.20				2.02				2.78				3.48				4.13				4.73				5.29				5.79				6.26				6.68				7.06				7.40				7.71				7.98				8.22				8.43				8.62				8.77				8.91				9.02		702		0		0		0				0		0		0		0		0		0		0		81
706		3		2		1		20		8.03				14.54				20.61				26.24				31.45		36.26				40.69				44.75				48.45				51.82				54.87				57.62				60.07				62.26				64.18				65.87				67.33				68.58				69.64				70.53		703		0		0		0				0		0		0		0		0		0		0		82
707		3		2		1		20		8.03				14.54				20.61				26.24				31.45		36.26				40.69				44.75				48.45				51.82				54.87				57.62				60.07				62.26				64.18				65.87				67.33				68.58				69.64		70.53		0		0		0				0						0		0		0		0		0		0				0		84
708		3		4		1		20		1.81				3.03				4.16				5.22				6.20				7.10				7.93				8.69				9.39				10.02				10.59				11.10				11.56				11.97				12.33				12.65				12.92				13.16				13.36				13.52		278		278		0		0				0		0		0		0		0		0		0		85
709		3		5		1		20		1.81				3.03				4.16				5.22				6.20				7.10				7.93				8.69				9.39				10.02				10.59				11.10				11.56				11.97				12.33				12.65				12.92				13.16				13.36				13.52		278		708		708		0				0		0		0		0		0		0		0		89
710		3		6		10		10		0		0.00		0.00		0.00		0.00		0.00		0.00		0.00		0.00		1.00		0.00		0.00		0.00		0.00		0.00		0.00		0.00		0.00		0.00		0.00		278		709		709		0				0		0		0		0		0		0		0		93
711		3		9		1		10		1.00		1.25		1.47		1.67		1.86		2.04		2.21		2.37		2.51		2.64		2.76		2.86		2.95		3.03		3.10		3.16		3.21		3.26		3.3		3.34		0		0		0		0				0		0		0		0		0		0		0		105
712		3		9		1		10		1.00		1.25		1.47		1.67		1.86		2.04		2.21		2.37		2.51		2.64		2.76		2.86		2.95		3.03		3.10		3.16		3.21		3.26		3.3		3.34		0		0		0		0				0		0		0		0		0		0		0		106
713		1		8		1		20		1.00		1.82		2.58		3.28		3.93		4.53		5.09		5.59		6.06		6.48		6.86		7.20		7.51		7.78		8.02		8.23		8.42		8.57		8.71		8.82		0		0		0		0				0		0		0		0		0		0		0		32
714		1		8		1		20		1.00		1.41		1.79		2.14		2.47		2.77		3.04		3.30		3.53		3.74		3.93		4.10		4.25		4.39		4.51		4.62		4.71		4.79		4.85		4.91		0		0		0		0				0		0		0		0		0		0		0		0
715		1		9		1		20		1.00		1.41		1.79		2.14		2.47		2.77		3.04		3.30		3.53		3.74		3.93		4.10		4.25		4.39		4.51		4.62		4.71		4.79		4.85		4.91		0		0		0		0				0		0		0		0		0		0		0		36
716		1		9		1		20		33		56		77		97		115		132		148		162		175		186		197		207		215		223		230		236		241		245		249		252		713		0		0		0				0		0		0		0		0		0		0		35
717		1		9		1		20		1.20				2.02				2.78				3.48				4.13				4.73				5.29				5.79				6.26				6.68				7.06				7.40				7.71				7.98				8.22				8.43				8.62				8.77				8.91				9.02		0		0		0		0				0		0		0		0		0		0		0		33
718		3		7		1		20		5		9		12		16		19		22		25		27		30		32		34		36		37		38		40		41		42		43		44		45		0		0		0		0				0		0		0		0		0		0		0		99
719		3		9		1		20		6		11		15		19		23		27		30		33		36		39		41		43		45		46		48		49		50		51		52		53		718		0		0		0				0		0		0		0		0		0		0		107

//Index	Group	Rank	MinLvl	MaxLvl	MainValue1	MainValue2	MainValue3	MainValue4	MainValue5	MainValue6	MainValue7	MainValue8	MainValue9	MainValue10	MainValue11	MainValue12	MainValue13	MainValue14	MainValue15	MainValue16	MainValue17	MainValue18	MainValue19	MainValue20	RelatedSkill	ReplaceSkill	RequireSkill	RequireSkill	DW	DK	FE	MG	DL	SU	RF	GL
743		2		7		1		20		102			171			235			295			351			402			449			492			531			567			600			629			655			678			698			716			732			745			756			766			0				0				0				0				63	63	63	64	64	64	0	64
744		2		2		1		20		1.81		3.03		4.16		5.22		6.20		7.10		7.93		8.69		9.39		10.02		10.59		11.10		11.56		11.97		12.33		12.65		12.92		13.16		13.36		13.52		270				270				0				0				0	0	0	0	0	0	43	0
745		2		3		1		20		1.81		3.03		4.16		5.22		6.20		7.10		7.93		8.69		9.39		10.02		10.59		11.10		11.56		11.97		12.33		12.65		12.92		13.16		13.36		13.52		270				744				744				0				0	0	0	0	0	0	47	0
end