//Section	Type	Level	Dur		Skill	Luck	Option	Exc	Coment
7			91		3		0		0		1		0		0	//robust helm
7			1		3		0		0		1		0		0	//dragon helm
7			25		3		0		0		1		0		0	//ligth plate helm
7			59		3		0		0		1		0		0	//sacred helm

8			91		3		0 		0 		1 		0 		0	//
8			1		3 		0 		0 		1 		0 		0	//
8			25		3 		0 		0 		1 		0 		0	//
8			59		3 		0 		0 		1 		0 		0	//

9			91 		3 		0 		0 		1 		0 		0	//
9			1 		3 		0 		0 		1 		0 		0	//
9			25 		3 		0 		0 		1 		0 		0	//
9			59 		3 		0 		0 		1 		0 		0	//

10			91 		3 		0 		0 		1 		0 		0	//
10			1 		3 		0 		0 		1 		0 		0	//
10			25 		3 		0 		0 		1 		0 		0	//
0			32      3       0		1       1      1        0
0           32      3       0		1       1      1        0

11			91 		3 		0 		0 		1 		0 		0	//
11			1 		3 		0 		0 		1 		0 		0	//
11			25 		3 		0 		0 		1 		0 		0	//
11			59 		3 		0 		0 		1 		0 		0	//


4           5      3       0     1       1      1        0
0           14     3       0     1       1      1        0
0           13     3       0     1       1      1        0

end

