//Section   Type   Level   Dur   Skill   Luck   Option   Excellent

7       40 	3 	0 	0 	1 	0 	0	//red wing helm
7       39 	3 	0 	0 	1 	0 	0	//Violent Wind Helm

8       40 	3 	0 	0 	1 	0 	0	//
8       39 	3 	0 	0 	1 	0 	0	//

9       40 	3	0 	0 	1 	0 	0	//
9       39 	3 	0 	0 	1 	0 	0	//

10       40 	3 	0 	0 	1 	0 	0	//
10       39 	3 	0 	0 	1 	0 	0	//

11       40 	3 	0 	0 	1 	0 	0	//
11       39 	3 	0 	0 	1 	0 	0	//

15           3      0       0     0       0      0        0	//
15          19      0       0     0       0      0        0	//
15          20      0       0     0       0      0        0	//
15          21      0       0     0       0      0        0	//
15          22      0       0     0       0      0        0	//
15          23      0       0     0       0      0        0	//
15          24      0       0     0       0      0        0	//
15          25      0       0     0       0      0        0	//
15          26      0       0     0       0      0        0	//
15          27      0       0     0       0      0        0	//

end
