//Masmorra
//#	Name					Lvl	Life	DmgMin	DmgMax	Defense	MagDef	AtkRate	DefRate	MovRng	AtkType	AtkRng	ViewRng	MovSpd	AtkSpd	Respawn	Attrib	ItemRt	ZenRate	MaxItLv	Skill	Rs1	Rs2	Rs3	Rs4	ElemAttrib	ElemPat	ElemDef	ElemMinDmg	ElemMaxDmg	ElemAtkRate	ElemDefRate
18	"Gorgon"				55	1000000	165		175		100		100		275		82		3		0		12		12		500		150		43200	2		160		28		3		0		6	6	6	6	0	0	75	0	0	0	0
785	"Dark Iron Knight"		148	1000000	2217	2061	860		0		2441	397		12		0		12		12		500		150		300		2		190		46		4		0		23	25	23	23	0	0	0	0	0	0	645
656	"Golden Hell Maine"		125	1000000	600		700		700		700		3000	1300	3		0		12		12		500		100		43200	2		150		46		0		0		254	254	254	254	6	1	700	60	70	15000	1000
657	"Golden Kundun"			130	1000000	700		800		800		800		3000	1700	3		150		12		12		500		100		43200	2		100		0		0		0		254	254	254	254	6		1		800		70		80		16000	1200

//Temporada 21
//#	Name					Lvl	Life	DmgMin	DmgMax	Defense	MagDef	AtkRate	DefRate	MovRng	AtkType	AtkRng	ViewRng	MovSpd	AtkSpd	Respawn	Attrib	ItemRt	ZenRate	MaxItLv	Skill	Rs1	Rs2	Rs3	Rs4	ElemAttrib	ElemPat	ElemDef	ElemMinDmg	ElemMaxDmg	ElemAtkRate	ElemDefRate
412	"Dark Elf (com piroca)"	175	1000000	7040	7800	1450	1450	5900	3800	12		39		12		12		800		200		1800	2		150		46		3		0		254	254	254	254	0	0	675	0	0	0	0

//Relouin
//#	Name					Lvl	Life	DmgMin	DmgMax	Defense	MagDef	AtkRate	DefRate	MovRng	AtkType	AtkRng	ViewRng	MovSpd	AtkSpd	Respawn	Attrib	ItemRt	ZenRate	MaxItLv	Skill	Rs1	Rs2	Rs3	Rs4	ElemAttrib	ElemPat	ElemDef	ElemMinDmg	ElemMaxDmg	ElemAtkRate	ElemDefRate
516	"Master Assassin"		175	1000000	7040	7800	1450	1450	5900	3800	8		39		12		12		800		200		180		2		120		14		4		0		254	254	254	254	0	0	450	0	0	0	0

//Boss Top
//#	Name					Lvl	Life	DmgMin	DmgMax	Defense	MagDef	AtkRate	DefRate	MovRng	AtkType	AtkRng	ViewRng	MovSpd	AtkSpd	Respawn	Attrib	ItemRt	ZenRate	MaxItLv	Skill	Rs1	Rs2	Rs3	Rs4	ElemAttrib	ElemPat	ElemDef	ElemMinDmg	ElemMaxDmg	ElemAtkRate	ElemDefRate
459	"Selupan"				145	1000000	2500	3000	250		1250	2200	1800	12		0		12		12		500		100		43200	2		100		0		4		0		254	254	254	254	0		0		937		0		0		0		0
275	"Kundun"				147	1000000	2000	2500	150		1500	2000	2000	12		150		12		12		500		100		21600	2		100		0		4		0		254	254	254	254	0		0		2000	0		0		0		0
349	"Balgass"				135	1000000	1000	1500	800		800		2000	370		12		0		12		12		700		100		43200	2		150		14	3	0	254	254	254	254	0	0	600	0	0	0	0
734	"Lord of Ferea"			130	1000000	700		800		800		800		3000	1700	12		150		12		12		500		100		21600	2		100		0		0		0		254	254	254	254	6		1		800		70		80		16000	1200

//Boss Médios
//#	Name					Lvl	Life	DmgMin	DmgMax	Defense	MagDef	AtkRate	DefRate	MovRng	AtkType	AtkRng	ViewRng	MovSpd	AtkSpd	Respawn	Attrib	ItemRt	ZenRate	MaxItLv	Skill	Rs1	Rs2	Rs3	Rs4	ElemAttrib	ElemPat	ElemDef	ElemMinDmg	ElemMaxDmg	ElemAtkRate	ElemDefRate
77	"Phoenix of Darkne"		149	1000000	500		600		600		600		3000	800		3		150		12		12		200		200		5400	2		100		100		0		0		254	254	254	254	1		1		600		500		600		32000	1
135	"White wizard"			87	1000000	370		410		400		400		550		200		4		3		5		6		400		200		43200	2		150	100	4	0	254	254	254	254	0	0	300	0	0	0	0
42	"Red Dragon"			47	1000000	300		350		2500	1300	200		80		3		150		5		7		800		200		43200	2		100	0	4	0	254	254	254	254	0	0	172	0	0	0	0
295	"Erohim"				128	1000000	1500	2000	1000	1000	1500	800		3		150		6		8		650		200		43200	2		100	100	4	0	254	254	254	254	0	0	750	0	0	0	0
561	"Medusa"				175	1000000	7040	7800	1450	1450	5900	3800	3		39		12		12		800		200		43200	2		100	0	6	0	254	254	254	254	0	0	1087	0	0	0	0
361	"Nightmare"				135	1000000	1225	1468	1000	1000	2000	420		6		0		2		7		700		200		0		2		150	46	3	0	254	254	254	254	0	0	750	0	0	0	0
340	"Dark Elf (sem piroca)"	135	1000000	800		900		900		900		1500	370		6		0		6		10		700		200		0		2		150	28	3	0	254	254	254	254	0	0	675	0	0	0	0
733	"Ferea General"			175	1000000	7040	7800	1450	1450	5900	3800	3		39		7		10		800		200		5400	2		100		0		6		0		254	254	254	254	0	0	1087	0	0	0	0

//Boss Noobs
//#	Name					Lvl	Life	DmgMin	DmgMax	Defense	MagDef	AtkRate	DefRate	MovRng	AtkType	AtkRng	ViewRng	MovSpd	AtkSpd	Respawn	Attrib	ItemRt	ZenRate	MaxItLv	Skill	Rs1	Rs2	Rs3	Rs4	ElemAttrib	ElemPat	ElemDef	ElemMinDmg	ElemMaxDmg	ElemAtkRate	ElemDefRate
55	"Death King"			88	1000000	430		500		120		120		150		37		2		0		2		6		400		500		43200	2		110	28	3	0	254	254	254	254	0	0	90	0	0	0	0
56	"Death Bone"			24	1000000	85		90		29		29		120		29		3		0		1		5		400		500		43200	2		200	28	4	0	254	254	254	254	0	0	21	0	0	0	0
136	"Destruct ogre soldier"	70	1000000	210		240		180		180		400		125		3		0		1		3		400		500		43200	2		300	400	3	0	254	254	254	254	0	0	135	0	0	0	0
137	"Destruct ogre archer"	74	1000000	220		260		190		190		440		130		3		0		5		5		400		500		43200	2		300	400	3	0	254	254	254	254	0	0	142	0	0	0	0
362	"Maya Hand"				135	1000000	732		932		315		315		2000	1445	6		0		3		7		700		500		43200	2		150	46	3	0	254	254	254	254	0	0	236	0	0	0	0
363	"Maya Hand"				135	1000000	732		932		800		800		2000	550		6		0		3		7		700		500		43200	2		150	46	3	0	254	254	254	254	0	0	600	0	0	0	0
681	"Evomon"				200	1000000	10000	12000	3000	3000	99999	1700	6		0		2		10		800		500		43200	2		10	0	6	0	254	254	254	254	0	0	75	0	0	0	0
674	"Moon Rabbit"			100	1000000	0		0		10		10		0		10		3		0		0		5		100		500		43200	2		200	10	0	0	254	254	254	254	254	0	75	0	0	0	0

//Golden Top
//#	Name					Lvl	Life	DmgMin	DmgMax	Defense	MagDef	AtkRate	DefRate	MovRng	AtkType	AtkRng	ViewRng	MovSpd	AtkSpd	Respawn	Attrib	ItemRt	ZenRate	MaxItLv	Skill	Rs1	Rs2	Rs3	Rs4	ElemAttrib	ElemPat	ElemDef	ElemMinDmg	ElemMaxDmg	ElemAtkRate	ElemDefRate
501	"Great Golden Dragon"	142	1000000	1917	2301	660		660		2000	800		12		0		12		12		500		100		43200	2		140	10	3	0	254	254	254	254	0	0	495	0	0	0	0
82	"Golden Tantalos"		90	1000000	450		560		300		300		450		185		12		150		12		12		500		100		43200	2		180		60		3		0		254	254	254	254	0		0		225		0		0		0		0
655	"Golden Erohim"			120	1000000	500		600		600		600		3000	800		12		150		12		12		500		100		43200	2		100		100		0		0		254	254	254	254	6		1		600		50		60		15000	800
690	"Special Evomon"		300	1000000	500		600		600		600		3000	1700	12		150		12		12		500		100		120		2		10		0		6		0		254	254	254	254	0		0		800		70		80		16000	1200

//Golden Médios
//#	Name					Lvl	Life	DmgMin	DmgMax	Defense	MagDef	AtkRate	DefRate	MovRng	AtkType	AtkRng	ViewRng	MovSpd	AtkSpd	Respawn	Attrib	ItemRt	ZenRate	MaxItLv	Skill	Rs1	Rs2	Rs3	Rs4	ElemAttrib	ElemPat	ElemDef	ElemMinDmg	ElemMaxDmg	ElemAtkRate	ElemDefRate
53	"Golden Titan"			53	1000000	170		180		105		105		265		77		3		150		3		7		400		200		43200	2		200	28	3	0	254	254	254	254	0	0	78	0	0	0	0
499	"Golden Iron Knigh"		145	1000000	1743	2092	650		650		1940	840		3		7		6		7		500		200		43200	2		140		10		3		0		254	254	254	254	0		0		487		0		0		0		0
79	"Golden Derkon"			80	1000000	300		350		230		230		400		90		3		150		2		7		400		200		43200	2		50	20	0	0	254	254	254	254	0	0	172	0	0	0	0
80	"Golden Lizard King"	83	1000000	310		360		240		240		415		150		3		3		3		7		400		200		21600	2		175	28	3	0	254	254	254	254	0	0	180	0	0	0	0
494	"Golden Devil"			72	1000000	250		280		190		190		365		120		3		0		1		7		400		200		43200	2		170	30	3	0	254	254	254	254	0	0	142	0	0	0	0
497	"Golden Satyros"		108	1000000	950		1000	600		600		900		350		12		150		12		12		400		200		300		2		120	14	4	0	254	254	254	254	0	0	450	0	0	0	0
498	"Golden Twin Tail"		130	1000000	1040	1085	865		865		1080	440		3		17		6		7		500		200		43200	2		130	0	3	0	254	254	254	254	0	0	648	0	0	0	0

//Golden Noobs
//#	Name					Lvl	Life	DmgMin	DmgMax	Defense	MagDef	AtkRate	DefRate	MovRng	AtkType	AtkRng	ViewRng	MovSpd	AtkSpd	Respawn	Attrib	ItemRt	ZenRate	MaxItLv	Skill	Rs1	Rs2	Rs3	Rs4	ElemAttrib	ElemPat	ElemDef	ElemMinDmg	ElemMaxDmg	ElemAtkRate	ElemDefRate
43	"Golden Budge Dragon"	15	1000000	120		125		45		45		75		30		3		0		1		7		400		500		600		2		10	20	0	0	254	254	254	254	0	0	33	0	0	0	0
54	"Golden Soldier"		46	1000000	140		150		75		75		230		64		3		0		5		7		400		500		20		2		200	28	3	0	254	254	254	254	0	0	56	0	0	0	0
78	"Golden Goblin"			20	1000000	125		130		50		50		100		30		3		0		1		7		400		500		600		2		10	20	0	0	254	254	254	254	0	0	37	0	0	0	0
83	"Golden Wheel"			77	1000000	320		360		230		230		385		160		3		0		12		12		400		500		600		2		180	60	3	0	254	254	254	254	0	0	172	0	0	0	0
493	"Golden Dark Knight"	60	1000000	180		195		115		115		300		88		3		3		4		7		400		500		10		2		200	14	3	0	254	254	254	254	0	0	86	0	0	0	0
495	"Golden Stone Golem"	84	1000000	375		425		275		275		530		190		3		17		4		7		400		500		20		2		160	30	3	0	254	254	254	254	0	0	206	0	0	0	0
496	"Golden Crust"			92	1000000	489		540		360		360		620		240		3		0		1		5		400		500		60		2		160	14	3	0	254	254	254	254	0	0	270	0	0	0	0
500	"Golden Napin"			112	1000000	1441	2017	585		585		1350	840		3		0		3		6		400		500		10		2		140	10	3	0	254	254	254	254	0	0	438	0	0	0	0
502	"Golden Rabbit"			40	1000000	130		135		60		60		200		47		3		11		4		7		400		500		10		2		190	14	6	0	254	254	254	254	0	0	45	0	0	0	0
413	"Gold Rabbit"			149	1000000	0		0		100		100		0		100		3		0		1		1		400		500		86400	1		200	10	0	0	254	254	254	254	0	0	75	0	0	0	0
81	"Golden Vepar"			61	1000000	190		200		110		110		310		90		3		17		4		7		400		500		615		2		185	28	3	0	254	254	254	254	0	0	82	0	0	0	0

//Boss Elemental Médios
//#	Name					Lvl	Life	DmgMin	DmgMax	Defense	MagDef	AtkRate	DefRate	MovRng	AtkType	AtkRng	ViewRng	MovSpd	AtkSpd	Respawn	Attrib	ItemRt	ZenRate	MaxItLv	Skill	Rs1	Rs2	Rs3	Rs4	ElemAttrib	ElemPat	ElemDef	ElemMinDmg	ElemMaxDmg	ElemAtkRate	ElemDefRate
746	"Nix"					190	1000000	6000	7500	3100	3200	8800	6950	9		150		15		15		500		200		86400	2		250		33		6		0		254	254	254	254	6			1		5000	450	580	2140	1950
747	"Crystal Stone"			120	9999999	0		0		2500	2500	0		10		0		0		0		0		0		0		0		0		0		0		0		0		254	254	254	254	0			2		0		0	0	0		7
790	"Monster of the Swamp"	149	1000000	1500	1600	1400	1400	2300	740		3		0		12		12		500		200		10800	2		150		46		3		0		254	254	254	254	6			1		960		99			250			775			1500
791	"Pet of the Swamp"		149	1000000	3100	3200	1500	1500	2300	720		3		0		12		12		800		200		10800	2		150		46		3		0		254	254	254	254	6			1		1200	130			290	790	1500
792	"Pet of the Swamp"		149	1000000	3100	3200	1500	1500	2300	720		3		0		12		12		800		200		10800	2		150		46		3		0		254	254	254	254	6			1		1200	130			290	790	1500
793	"Monster of the Water"	149	1000000	1100	1100	1055	1055	1300	520		3		0		12		12		500		200		10800	2		150		46		3		0		254	254	254	254	6			1		890		89			19	690	720
595	"Gnome"					130	1000000	700		800		800		800		3000	1700	3		150		12		12		500		100		10800	2		100		0		0		0		254	254	254	254	6			1		800		70		80				16000		1200

//Boss Elemental Tops
//#	Name					Lvl	Life	DmgMin	DmgMax	Defense	MagDef	AtkRate	DefRate	MovRng	AtkType	AtkRng	ViewRng	MovSpd	AtkSpd	Respawn	Attrib	ItemRt	ZenRate	MaxItLv	Skill	Rs1	Rs2	Rs3	Rs4	ElemAttrib	ElemPat	ElemDef	ElemMinDmg	ElemMaxDmg	ElemAtkRate	ElemDefRate
778	"Dp Dung Gorgon"		300	1000000	4900	5000	3000	0		4000	1800	12		0		12		12		500		100		18000	2		120		46		3		0		23	25	23	23	6			0		1500	2000	2200	3800	1500
794	"God of Darkness"		149	1000000	10000	12000	3000	3000	10000	6950	12		0		12		12		500		100		18000	2		150		46		6		0		254	254	254	254	6			1		5000	450	580	2140	1950

//Indefinidos
627	"Cursed Fire Tower"	2	9999999	0	0	600	600	0	600	0	0	0	0	0	200	0	0	0	0	0	0	0	0	0	0	1	1	2000	0	0	0	0
673	"Lord Silvester"	180	9999999	5000	6000	1400	1400	6000	4000	1	150	2	7	500	200	86400	2	160	33	6	0	254	254	254	254	6	1	550	70	17	2300	3000
735	"Ferea Crystal Orb"	100	9999999	0	0	0	0	0	1	3	0	2	7	500	200	86400	2	160	33	3	0	254	254	254	254	6	1	560	94	98	1700	530
677	"Golden Goblin"		100	9999999	0	0	10	10	0	10	3	0	0	5	100	200	3600	2	200	10	0	0	254	254	254	254	254	0	75	0	0	0	0
652	"Golden Goblin"		100	9999999	100	200	200	200	500	300	3	0	1	7	400	200	3600	2	10	20	0	0	254	254	254	254	6	1	200	10	20	5000	300
653	"Golden Titan"		110	9999999	300	400	300	300	2000	500	3	150	3	7	400	200	0	2	200	28	0	0	254	254	254	254	6	1	300	30	40	10000	500
654	"Golden Tantalose"	115	9999999	400	500	400	400	3000	600	3	150	2	7	400	200	0	2	180	60	0	0	254	254	254	254	6	1	400	40	50	15000	700
716	"Core Magriffy"		190	9999999	7500	8000	1650	1700	7500	5200	6	150	3	7	800	200	86400	2	200	33	6	254	254	254	254	254	6	1	900	250	300	4400	970
717	"Core Magriffy"		120	9999999	3300	4000	820	850	3300	2600	6	0	3	7	800	200	86400	2	200	33	6	254	254	254	254	254	6	1	900	250	300	4400	970
718	"Core Magriffy"		120	9999999	3300	4000	820	850	3300	2600	6	0	3	7	800	200	86400	2	200	33	6	254	254	254	254	254	6	1	900	250	300	4400	970

//Eventos HitAndDrop
675	"Pouch of Blessing"	100	9999999	0	0	20	20	0	20	3	0	0	5	100	200	86400	2	200	10	0	0	254	254	254	254	254	0	75	0	0	0	0
676	"Fire Flame Ghost"	100	9999999	0	0	100	100	0	100	3	0	0	5	100	200	86400	2	200	10	0	0	254	254	254	254	254	0	75	0	0	0	0
365	"Pouch of Blessing"	100	9999999	0	0	100	100	0	100	3	0	0	1	100	200	86400	1	200	10	0	0	254	254	254	254	0	0	75	0	0	0	0
463	"Fire Flame Ghost"	149	9999999	0	0	100	100	0	100	3	0	0	1	100	200	86400	1	200	10	0	0	254	254	254	254	0	0	75	0	0	0	0

//#	Name					Lvl	Life	DmgMin	DmgMax	Defense	MagDef	AtkRate	DefRate	MovRng	AtkType	AtkRng	ViewRng	MovSpd	AtkSpd	Respawn	Attrib	ItemRt	ZenRate	MaxItLv	Skill	Rs1	Rs2	Rs3	Rs4	ElemAttrib	ElemPat	ElemDef	ElemMinDmg	ElemMaxDmg	ElemAtkRate	ElemDefRate
//Cobras
647	"Green Snake"			100	9999999	0		0		100		100		0		100		5		0		0		7		100		600		60		2		200		10		0	0	254	254	254	254	0	0	750	0	0	0	0
648	"Yellow Snake"			100	9999999	0		0		100		100		0		100		5		0		0		7		100		600		90		2		200		10		0	0	254	254	254	254	0	0	750	0	0	0	0
649	"Purple Snake"			100	9999999	0		0		100		100		0		100		5		0		0		7		100		600		120		2		200		10		0	0	254	254	254	254	0	0	750	0	0	0	0
650	"Red Snake"				100	9999999	0		0		100		100		0		100		5		0		0		7		100		600		90		2		200		10		0	0	254	254	254	254	0	0	750	0	0	0	0

//Natal
//#	Name				Lvl	Life	DmgMin	DmgMax	Defense	MagDef	AtkRate	DefRate	MovRng	AtkType	AtkRng	ViewRng	MovSpd	AtkSpd	Respawn	Attrib	ItemRt	ZenRate	MaxItLv	Skill	Rs1	Rs2	Rs3	Rs4	ElemAttrib	ElemPat	ElemDef	ElemMinDmg	ElemMaxDmg	ElemAtkRate	ElemDefRate
476	"Cursed Santa"		149	1000000	370		410		400		400		550		200		4		0		2		12		400		200		1800	2		150	50	4	0	254	254	254	254	0	0	300	0	0	0	0
466	"Cursed Goblin"		70	1000000	220		260		190		190		440		130		3		0		2		12		400		500		300		2		300	200	3	0	254	254	254	254	0	0	142	0	0	0	0


691	"NewYear Horse (Green)"	100	9999999	0		0		100	100		0	100	3	0	0	0	100	200	200		1	200	10	0	0	254	254	254	254	0	0	75	0	0	0	0
692	"NewYear Horse (Yelow)"	100	9999999	0		0		100	100		0	100	3	0	0	0	100	200	200		1	200	10	0	0	254	254	254	254	0	0	75	0	0	0	0
693	"NewYear Horse (Brown)"	100	9999999	0		0		100	100		0	100	3	0	0	0	100	200	200		1	200	10	0	0	254	254	254	254	0	0	75	0	0	0	0
694	"NewYear Horse (Blue)"	100	9999999	0		0		100	100		0	100	3	0	0	0	100	200	200		1	200	10	0	0	254	254	254	254	0	0	75	0	0	0	0
726	"Green Sheep"			100	9999999	0		0		100	100		0	100	0	0	0	0	100	200	200		0	0	0	0	0	0	0	0	0	0	0	7	0	0	0	0
727	"White Sheep"			100	9999999	0		0		100	100		0	100	0	0	0	0	100	200	200		0	0	0	0	0	0	0	0	0	0	0	7	0	0	0	0
728	"Purple Sheep"			100	9999999	0		0		100	100		0	100	0	0	0	0	100	200	200		0	0	0	0	0	0	0	0	0	0	0	7	0	0	0	0
729	"Red Sheep"				100	9999999	0		0		100	100		0	100	0	0	0	0	100	200	200		0	0	0	0	0	0	0	0	0	0	0	7	0	0	0	0
795	"Puppy (Green)"			100	9999999	0		0		100	100		0	100	3	0	0	0	100	200	200		1	0	0	0	0	254	254	0	254	254	0	75	0	0	0	0
796	"Puppy (White)"			100	9999999	0		0		100	100		0	100	3	0	0	0	100	200	200		1	0	0	0	0	254	254	0	254	254	0	75	0	0	0	0
797	"Puppy (Purple)"		100	9999999	0		0		100	100		0	100	3	0	0	0	100	200	200		1	0	0	0	0	254	254	0	254	254	0	75	0	0	0	0
798	"Puppy (Yellow)"		100	9999999	0		0		100	100		0	100	3	0	0	0	100	200	200		1	0	0	0	0	254	254	0	254	254	0	75	0	0	0	0
739	"Green Monkey"			100	9999999	0		0		100	100		0	10	0	0	0	0	100	200	200		0	0	0	0	0	0	0	0	0	0	0	7	0	0	0	0
740	"White Monkey"			100	9999999	0		0		100	100		0	10	0	0	0	0	100	200	200		0	0	0	0	0	0	0	0	0	0	0	7	0	0	0	0
741	"Purple Monkey"			100	9999999	0		0		100	100		0	10	0	0	0	0	100	200	200		0	0	0	0	0	0	0	0	0	0	0	7	0	0	0	0
742	"Red Monkey"			100	9999999	0		0		100	100		0	10	0	0	0	0	100	200	200		0	0	0	0	0	0	0	0	0	0	0	7	0	0	0	0
759	"Green Rooster"			100	9999999	0		0		100	100		0	100	3	0	0	1	100	200	200		1	200	10	0	0	254	254	254	254	0	0	0	0	0	0	75
760	"White Rooster"			100	9999999	0		0		100	100		0	100	3	0	0	1	100	200	200		1	200	10	0	0	254	254	254	254	0	0	0	0	0	0	75
761	"Purple Rooster"		100	9999999	0		0		100	100		0	100	3	0	0	1	100	200	200		1	200	10	0	0	254	254	254	254	0	0	0	0	0	0	75
762	"Red Rooster"			100	9999999	0		0		100	100		0	100	3	0	0	1	100	200	200		1	200	10	0	0	254	254	254	254	0	0	0	0	0	0	75

////////////////////////////////////////////////////////////////////////////////////

0	"Bull Fighter"		6	100	16	20	6	6	28	6	3	0	1	5	400	1600	0	2	130	20	6	0	0	0	0	0	0	0	4	0	0	0	0
1	"Hound"	9	140	22	27	9	9	39	9	3	0	1	5	400	1600	0	2	130	20	6	0	0	0	0	0	0	0	6	0	0	0	0
2	"Budge Dragon"	4	60	10	13	3	3	18	3	3	0	1	4	400	2000	0	2	120	20	6	0	0	0	0	0	0	0	2	0	0	0	0
3	"Spider"	2	30	4	7	1	1	8	1	2	0	1	5	400	1800	0	2	120	20	6	0	0	0	0	0	0	0	0	0	0	0	0
4	"Elite Bull Fighter"	12	190	31	36	12	12	50	12	3	0	1	4	400	1400	0	2	140	24	6	0	0	0	0	0	0	0	9	0	0	0	0
5	"Hell Hound"	38	1400	125	130	55	55	190	45	3	0	1	4	400	1200	0	2	190	28	6	0	1	1	1	3	0	0	41	0	0	0	0
6	"Lich"	14	255	41	46	14	14	62	14	3	2	4	7	400	2000	0	2	150	24	6	0	0	0	0	1	0	0	10	0	0	0	0
7	"Giant"	17	400	57	62	18	18	80	18	2	0	2	3	400	2200	0	2	150	24	6	0	0	0	0	0	0	0	13	0	0	0	0
8	"Poison Bull Fighter"	46	2500	145	150	75	75	230	61	3	1	1	5	400	1400	0	2	190	46	3	0	6	2	2	2	0	0	56	0	0	0	0
9	"Thunder Lich"	44	2000	140	145	70	70	220	55	3	3	4	7	400	2200	0	2	190	28	3	0	2	2	3	2	0	0	52	0	0	0	0
10	"Dark Knight"	48	3000	150	155	80	80	240	70	3	0	1	5	400	1400	0	2	200	28	3	0	3	3	3	5	0	0	60	0	0	0	0
11	"Ghost"	32	1000	110	115	40	40	160	39	3	0	1	5	400	1400	0	2	190	46	6	0	2	2	2	2	0	0	30	0	0	0	0
12	"Larva"	25	750	90	95	31	31	125	31	3	1	1	4	400	1800	0	2	200	28	6	0	2	0	0	0	0	0	23	0	0	0	0
13	"Hell Spider"	40	1600	130	135	60	60	200	47	3	11	4	7	400	1600	0	2	190	28	6	0	3	1	1	1	0	0	45	0	0	0	0
14	"Skeleton"	19	525	68	74	22	22	93	22	2	0	1	4	400	1400	0	2	160	24	6	0	0	0	0	0	0	0	16	0	0	0	0
15	"Skeleton Archer"	34	1100	115	120	45	45	170	41	2	0	5	7	400	2000	0	2	190	28	6	0	1	1	1	1	0	0	33	0	0	0	0
16	"Chief Skelet Warrior"	42	1800	135	140	65	65	210	49	2	0	1	4	400	1600	0	2	190	28	4	0	1	1	1	1	0	0	48	0	0	0	0
17	"Cyclops"	28	850	100	105	35	35	140	35	3	0	1	4	400	1600	0	2	170	28	6	0	2	0	0	0	0	0	26	0	0	0	0

19	"Yeti"	149	900	105	110	37	37	150	37	2	17	4	6	400	2000	0	2	180	28	6	0	0	3	0	0	0	0	27	0	0	0	0
20	"Elite Yeti"	149	1200	120	125	50	50	180	43	3	0	1	6	400	1400	0	2	180	46	6	0	1	4	1	1	0	0	37	0	0	0	0
21	"Assassin"	149	800	95	100	33	33	130	33	2	0	1	7	400	2000	0	2	180	28	6	0	0	0	0	0	0	0	24	0	0	0	0
22	"Ice Monster"	149	650	80	85	27	27	110	27	2	7	1	5	400	2000	0	2	170	28	6	0	0	3	0	0	0	0	20	0	0	0	0
23	"Hommerd"	149	700	85	90	29	29	120	29	3	0	1	5	400	1600	0	2	170	28	6	0	0	3	0	0	0	0	21	0	0	0	0
24	"Worm"	149	600	75	80	25	25	100	25	3	0	1	4	400	1600	0	2	160	28	6	0	0	2	0	0	0	0	18	0	0	0	0
25	"Ice Queen"	149	4000	155	165	90	90	260	76	3	11	4	7	400	1400	0	2	180	28	3	0	4	5	4	4	0	0	67	0	0	0	0

26	"Goblin"	3	45	7	10	2	2	13	2	2	0	1	4	400	1800	0	2	120	20	6	0	0	0	0	0	0	0	1	0	0	0	0
27	"Chain Scorpion"	5	80	13	17	4	4	23	4	3	0	1	4	400	1800	0	2	120	20	6	0	0	0	0	0	0	0	3	0	0	0	0
28	"Beetle Monster"	10	165	26	31	10	10	44	10	3	0	1	5	400	1600	0	2	140	20	6	0	0	0	0	0	0	0	7	0	0	0	0
29	"Hunter"	13	220	36	41	13	13	56	13	3	0	4	4	400	1600	0	2	140	24	6	0	0	0	0	0	0	0	9	0	0	0	0
30	"Forest Monster"	15	295	46	51	15	15	68	15	3	0	1	4	400	1600	0	2	150	24	6	0	0	0	0	0	0	0	11	0	0	0	0
31	"Agon"	16	340	51	57	16	16	74	16	2	0	1	4	400	1400	0	2	150	24	6	0	0	0	0	0	0	0	12	0	0	0	0
32	"Stone Golem"	18	465	62	68	20	20	86	20	2	0	2	3	400	2200	0	2	160	24	6	0	0	0	0	0	0	0	15	0	0	0	0
33	"Elite Goblin"	8	120	19	23	8	8	33	8	3	0	1	5	400	1600	0	2	130	20	6	0	0	0	0	0	0	0	6	0	0	0	0
34	"Cursed Wizard"	54	4000	160	170	95	95	270	80	3	2	4	7	400	2000	0	2	200	46	3	0	5	5	7	7	0	0	71	0	0	0	0
35	"Death Gorgon"	64	6000	200	210	130	130	320	94	3	150	1	7	400	2000	0	2	180	46	3	0	6	6	6	8	0	0	97	0	0	0	0
36	"Shadow"	47	2800	148	153	78	78	235	67	3	0	1	5	400	1400	0	2	200	28	3	0	3	3	3	5	0	0	58	0	0	0	0

//#	Name	Lvl	Life	DmgMin	DmgMax	Defense	MagDef	AtkRate	DefRate	MovRng	AtkType	AtkRng	ViewRng	MovSpd	AtkSpd	Respawn	Attrib	ItemRt	ZenRate	MaxItLv	Skill	Rs1	Rs2	Rs3	Rs4	ElemAttrib	ElemPat	ElemDef	ElemMinDmg	ElemMaxDmg	ElemAtkRate	ElemDefRate
37	"Devil"	60	5000	180		195		115		115		300		88		3		150		4		7		400	2000	0	2	200	46	3	0	5	5	5	7	0	0	86	0	0	0	0

38	"Balrog"	66	9000	220	240	160	160	330	99	3	150	2	7	400	1600	0	2	160	46	3	0	10	10	10	15	0	0	120	0	0	0	0
39	"Poison Shadow"	50	3500	155	160	85	85	250	73	3	1	1	5	400	1400	0	2	200	46	3	0	6	4	4	6	0	0	63	0	0	0	0
40	"Death Knight"	62	5500	190	200	120	120	310	91	3	0	1	7	400	1800	0	2	200	46	3	0	6	6	6	7	0	0	90	0	0	0	0
41	"Death Cow"	57	4500	170	180	110	110	285	85	3	0	1	7	400	1600	0	2	200	46	3	0	5	5	5	7	0	0	82	0	0	0	0
44	"Dragon"	60	15000	190	210	120	120	300	88	3	150	2	7	400	1800	0	2	50	20	0	0	254	254	254	254	0	0	90	0	0	0	0
45	"Bahamut"	43	2400	130	140	65	65	215	52	2	0	1	4	400	1600	0	2	185	28	3	0	1	1	1	1	0	0	48	0	0	0	0
46	"Vepar"	45	2800	135	145	70	70	225	58	3	17	4	7	400	1600	0	2	185	28	3	0	2	2	3	2	0	0	52	0	0	0	0
47	"Valkyrie"	46	3200	140	150	75	75	230	64	3	0	5	7	400	1800	0	2	185	28	3	0	6	2	2	2	0	0	56	0	0	0	0
48	"Lizard King"	70	9000	240	270	180	180	350	115	3	3	3	7	400	1600	0	2	175	46	3	0	7	7	7	7	0	0	135	0	0	0	0
49	"Hydra"	74	19000	250	310	200	200	430	125	3	150	4	7	400	1400	5	2	175	46	3	0	12	12	12	12	0	0	150	0	0	0	0
50	"Sea Worm"	10	19000	250	310	200	0	430	125	3	150	4	7	400	1400	5	2	175	46	3	0	12	12	12	12	0	0	150	0	0	0	0
51	"Great Bahamut"	66	7000	210	230	150	150	330	98	3	0	2	7	400	1600	5	2	175	46	3	0	6	6	6	6	0	0	112	0	0	0	0
52	"Silver Valkyrie"	68	8000	230	260	170	170	340	110	3	7	4	7	400	1600	5	2	175	46	3	0	7	7	7	7	0	0	127	0	0	0	0
57	"Iron Wheel"	80	17000	280	330	215	215	446	150	3	0	4	7	400	1400	0	2	160	100	3	0	9	9	9	9	0	0	161	0	0	0	0

58	"Tantalos"	83	22000	335	385	250	250	500	175	3	150	2	7	400	1400	0	2	160	100	3	0	9	9	9	9	0	0	187	0	0	0	0
59	"Zaikan"	90	34000	510	590	400	400	550	185	3	150	5	7	400	1400	0	2	160	100	3	0	13	13	13	15	0	0	300	0	0	0	0
60	"Bloody wolf"	76	13500	260	300	200	200	410	130	3	0	2	7	400	1400	0	2	170	100	3	0	8	8	8	8	0	0	150	0	0	0	0
61	"Beam Knight"	84	25000	375	425	275	275	530	190	3	17	4	7	400	1400	0	2	160	100	3	0	10	10	10	10	0	0	206	0	0	0	0
62	"Mutant"	72	10000	250	280	190	190	365	120	3	0	1	7	400	1400	0	2	170	100	3	0	8	8	8	8	0	0	142	0	0	0	0
63	"Death Beam Knight"	93	40000	590	650	420	420	575	220	3	150	5	7	400	1400	0	2	130	100	3	0	13	13	13	17	0	0	315	0	0	0	0
64	"Ogre archer"	70	10000	220	250	170	170	350	115	3	0	4	7	400	1600	0	2	200	28	3	0	7	7	7	7	0	0	127	0	0	0	0
65	"Elite Ogre"	74	14000	260	290	190	190	400	125	3	150	1	7	400	2000	0	2	180	28	3	0	8	8	8	8	0	0	142	0	0	0	0
66	"Cursed king"	86	38000	500	570	350	350	525	200	3	150	4	7	400	1400	0	2	200	60	3	0	17	17	17	17	0	0	262	0	0	0	0
67	"Metal Balrog"	77	26000	300	360	220	220	385	150	3	150	2	7	400	1600	0	2	160	28	3	0	9	9	9	9	0	0	165	0	0	0	0
69	"Alquamos"	75	11500	255	290	195	195	385	125	3	17	5	5	400	1400	0	2	160	46	3	0	9	9	11	9	0	0	146	0	0	0	0
70	"Queen Rainier"	82	19000	305	350	230	230	475	160	3	17	3	5	400	1400	0	2	160	46	3	0	9	11	12	9	0	0	172	0	0	0	0
71	"Mega Crust"	78	15000	270	320	210	210	430	140	3	0	1	5	400	1400	0	2	160	46	3	0	9	9	12	9	0	0	157	0	0	0	0
72	"Phantom Knight"	96	41000	560	610	425	425	690	270	3	150	2	5	400	1400	0	2	150	46	3	0	14	14	16	14	0	0	318	0	0	0	0
73	"Drakan"	86	29000	425	480	305	305	570	210	3	150	5	5	400	1400	0	2	160	46	3	0	12	12	13	12	0	0	228	0	0	0	0
74	"Alpha Crust"	92	34500	489	540	360	360	620	240	3	0	1	5	400	1400	0	2	160	46	3	0	13	13	14	13	0	0	270	0	0	0	0
75	"Great Drakan"	100	50000	650	700	495	495	800	305	3	150	5	5	400	1400	0	2	140	46	3	0	15	15	17	18	0	0	371	0	0	0	0
76	"Phoenix Darknes Shld"	106	73000	850	960	580	580	840	305	3	3	3	5	400	1400	0	2	190	28	3	0	30	30	35	30	0	0	435	0	0	0	0

84	"Chief Skeleton Warior"	56	5000	160	180	110	110	300	85	3	0	1	3	400	2000	0	2	300	400	3	0	0	0	0	0	0	0	41	0	0	0	0
85	"Chief Skeleton Archer"	61	6500	180	200	120	120	330	93	3	0	5	7	400	1600	0	2	300	400	3	0	0	0	0	0	0	0	48	0	0	0	0
86	"Dark Skull Soldier"	66	8000	190	220	150	150	360	98	3	0	1	3	400	2000	0	2	250	300	3	0	0	0	0	0	0	0	56	0	0	0	0
87	"Giant Ogre"	70	9500	210	240	180	180	400	115	3	17	5	7	400	1600	0	2	250	300	3	0	0	0	0	0	0	0	63	0	0	0	0
88	"Red Skeleton Knight"	74	12000	220	260	190	190	440	130	3	0	1	3	400	2000	0	2	200	200	3	0	0	0	0	0	0	0	71	0	0	0	0
89	"Magic Skeleton"	79	15000	230	280	240	240	500	180	4	150	4	6	400	1600	0	2	150	100	4	0	3	3	3	3	0	0	86	0	0	0	0
90	"Chief Skeleton Warior"	64	7500	180	220	150	150	340	98	3	0	1	3	400	2000	0	2	300	400	3	0	1	1	1	1	0	0	67	0	0	0	0
91	"Chief Skeleton Archer"	69	9500	200	240	170	170	380	110	3	0	5	7	400	1600	0	2	300	400	3	0	1	1	1	1	0	0	75	0	0	0	0
92	"Dark Skull Soldier"	75	12000	220	260	190	190	440	130	3	0	1	3	400	2000	0	2	250	300	3	0	1	1	1	1	0	0	86	0	0	0	0
93	"Giant Ogre"	79	15000	250	290	210	210	500	150	3	17	5	7	400	1600	0	2	250	300	3	0	1	1	1	1	0	0	97	0	0	0	0
94	"Red Skeleton Knight"	82	18000	270	320	290	290	560	170	3	0	1	3	400	2000	0	2	200	200	3	0	1	1	1	1	0	0	127	0	0	0	0
95	"Magic Skeleton"	84	24000	300	350	360	360	640	200	4	150	4	6	400	1800	0	2	150	100	4	0	4	4	4	4	0	0	142	0	0	0	0
96	"Chief Skeleton Warior"	70	12000	210	270	185	185	380	125	3	0	1	3	400	2000	0	2	300	400	3	0	2	2	2	2	0	0	82	0	0	0	0
97	"Chief Skeleton Archer"	75	15000	240	300	190	190	420	130	3	0	5	7	400	1600	0	2	300	400	3	0	2	2	2	2	0	0	90	0	0	0	0
98	"Dark Skull Soldier"	80	19000	280	340	220	220	470	175	3	0	1	3	400	2000	0	2	250	300	3	0	2	2	2	2	0	0	112	0	0	0	0
99	"Giant Ogre"	85	23000	340	390	300	300	520	190	3	17	5	7	400	1600	0	2	250	300	3	0	2	2	2	2	0	0	135	0	0	0	0
100	"Lance"	80	1000	100	110	0	0	400	500	0	0	4	1	500	1000	0	1	200	20	0	0	0	0	0	0	0	0	0	0	0	0	0
101	"Iron Stick"	80	1000	110	130	0	0	400	500	0	0	0	1	500	1000	0	1	200	20	0	0	0	0	0	0	0	0	0	0	0	0	0
102	"Fire"	80	1000	130	150	0	0	400	500	0	0	2	1	500	1000	0	1	200	20	0	0	0	0	0	0	0	0	0	0	0	0	0
103	"Meteorite"	90	1000	160	190	0	0	450	500	0	50	0	1	500	1000	0	1	200	20	0	0	0	0	0	0	0	0	0	0	0	0	0
104	"Trap"	2	50	500	600	0	0	800	30	0	50	0	1	0	1000	0	0	0	0	0	0	0	0	0	0	0	0	0	0	0	0	0
105	"Canon Trap"	80	1000	200	203	0	0	400	500	0	0	4	2	500	1000	0	1	200	10	0	0	0	0	0	0	0	0	0	0	0	0	0
106	"Laser Trap"	80	1000	150	152	0	0	400	500	0	0	1	1	500	1000	0	1	200	10	0	0	0	0	0	0	0	0	0	0	0	0	0
111	"Red Skeleton Knight"	87	26000	370	410	400	400	650	200	3	0	1	3	400	2000	0	2	200	200	3	0	2	2	2	2	0	0	142	0	0	0	0
112	"Magic Skeleton"	90	32000	400	460	450	450	720	260	4	150	4	6	400	1800	0	2	150	100	4	0	5	5	5	5	0	0	180	0	0	0	0
113	"Chief Skeleton Warior"	76	17000	260	290	210	210	460	150	3	0	1	3	400	2000	0	2	300	400	3	0	4	4	4	4	0	0	112	0	0	0	0
114	"Chief Skeleton Archer"	81	20000	320	350	270	270	520	160	3	0	5	7	400	1600	0	2	300	400	3	0	4	4	4	4	0	0	127	0	0	0	0
115	"Dark Skull Soldier"	86	25000	390	420	360	360	580	195	3	0	1	3	400	2000	0	2	250	300	3	0	4	4	4	4	0	0	142	0	0	0	0
116	"Giant Ogre"	90	32000	440	500	400	400	660	230	3	17	5	7	400	1600	0	2	250	300	3	0	4	4	4	4	0	0	157	0	0	0	0
117	"Red Skeleton Knight"	94	38000	480	540	450	450	720	260	3	0	1	3	400	2000	0	2	200	200	3	0	4	4	4	4	0	0	217	0	0	0	0
118	"Magic Skeleton"	99	47000	530	580	500	500	840	280	4	150	4	6	400	1800	0	2	150	100	4	0	7	7	7	7	0	0	270	0	0	0	0
119	"Chief Skeleton Warior"	95	23000	340	390	340	340	520	190	3	0	1	3	400	2000	0	2	300	400	3	0	5	5	5	5	0	0	138	0	0	0	0
120	"Chief Skeleton Archer"	97	26000	390	430	380	380	590	200	3	0	5	7	400	1600	0	2	300	400	3	0	5	5	5	5	0	0	142	0	0	0	0
121	"Dark Skull Soldier"	100	32000	430	480	400	400	660	230	3	0	1	3	400	2000	0	2	250	300	3	0	5	5	5	5	0	0	165	0	0	0	0
122	"Giant Ogre"	107	37000	470	520	440	440	730	250	3	17	5	7	400	1600	0	2	250	300	3	0	5	5	5	5	0	0	225	0	0	0	0
123	"Red Skeleton Knight"	114	45000	510	560	490	490	800	270	3	0	1	3	400	2000	0	2	200	200	3	0	5	5	5	5	0	0	300	0	0	0	0
124	"Magic Skeleton"	127	55000	560	600	550	550	870	310	4	150	4	6	400	1800	0	2	150	100	4	0	8	8	8	8	0	0	337	0	0	0	0
125	"Chief Skeleton Warior"	110	50000	475	510	560	560	935	370	3	0	1	3	400	2000	0	2	300	400	3	0	6	6	6	6	0	0	157	0	0	0	0
126	"Chief Skeleton Archer"	112	53000	530	556	590	590	950	380	3	0	5	7	400	1600	0	2	300	400	3	0	6	6	6	6	0	0	202	0	0	0	0
127	"Dark Skull Soldier"	118	57000	560	581	610	610	710	300	3	0	1	3	400	2000	0	2	250	300	3	0	6	6	6	6	0	0	270	0	0	0	0
128	"Giant Ogre"	120	62000	580	599	615	615	780	310	3	17	5	7	400	1600	0	2	250	300	3	0	6	6	6	6	0	0	300	0	0	0	0
129	"Red Skeleton Knight"	127	70000	603	618	635	635	850	360	3	0	1	3	400	2000	0	2	200	200	3	0	6	6	6	6	0	0	337	0	0	0	0
130	"Magic Skeleton"	135	80000	634	651	680	680	920	370	4	150	4	6	400	1800	0	2	150	100	4	0	9	9	9	9	0	0	375	0	0	0	0

131	"Castle Gate"		2	10000000	0	0	0	0	0	1	0	0	0	0	0	0	0	0	0	0	0	0	100	100	100	100	0	0	0	0	0	0	0
132	"Statue of Saint"	2	10000000	0	0	0	0	0	1	0	0	0	0	0	0	0	0	0	0	0	0	100	100	100	100	0	0	0	0	0	0	0
133	"Statue of Saint"	2	10000000	0	0	0	0	0	1	0	0	0	0	0	0	0	0	0	0	0	0	100	100	100	100	0	0	0	0	0	0	0
134	"Statue of Saint"	2	10000000	0	0	0	0	0	1	0	0	0	0	0	0	0	0	0	0	0	0	100	100	100	100	0	0	0	0	0	0	0

138	"Chief Skeleton Warior"	114	173500	745	800	600	600	1250	426	3	0	1	3	400	2000	0	2	300	400	3	0	7	7	7	7	0	0	255	0	0	0	0
139	"Chief Skeleton Archer"	117	175000	825	872	615	615	1300	440	3	0	5	7	400	1600	0	2	300	400	3	0	7	7	7	7	0	0	285	0	0	0	0
140	"Dark Skull Soldier"	125	184000	890	915	622	622	1300	465	3	0	1	3	400	2000	0	2	250	300	3	0	7	7	7	7	0	0	300	0	0	0	0
141	"Giant Ogre"	129	208000	920	946	635	635	1450	510	3	17	5	7	400	1600	0	2	250	300	3	0	7	7	7	7	0	0	330	0	0	0	0
142	"Red Skeleton Knight"	132	208700	995	1120	648	648	1780	585	3	0	1	3	400	2000	0	2	200	200	3	0	7	7	7	7	0	0	367	0	0	0	0
143	"Magic Skeleton"	140	215000	1500	1780	670	670	1950	750	4	150	4	6	400	1800	0	2	150	100	4	0	10	10	10	10	0	0	412	0	0	0	0
144	"Death Angel"	24	740	80	87	30	30	100	24	3	17	6	7	500	1500	0	2	160	0	3	0	11	11	11	11	0	0	22	0	0	0	0
145	"Death Centurion"	33	1250	110	117	50	50	145	39	3	17	6	7	500	1500	0	2	160	0	3	0	13	13	13	13	0	0	37	0	0	0	0
146	"Blood Soldier"	21	600	70	77	25	25	88	20	3	17	6	7	500	1500	0	2	180	0	3	0	10	10	10	10	0	0	18	0	0	0	0
147	"Aegis"	17	440	55	62	17	17	75	17	3	17	1	7	500	1500	0	2	180	0	3	0	8	8	8	8	0	0	12	0	0	0	0
148	"Rogue Centurion"	19	500	60	67	20	20	80	18	3	17	2	5	500	1500	0	2	180	0	3	0	9	9	9	9	0	0	15	0	0	0	0
149	"Necron"	28	900	95	102	38	38	118	30	3	17	2	5	500	1500	0	2	160	0	3	0	12	12	12	12	0	0	28	0	0	0	0
150	"Bali"	52	5000	165	170	100	100	260	75	3	0	1	7	400	1600	0	2	160	20	3	0	6	6	6	6	0	0	75	0	0	0	0
151	"Soldier"	58	4000	175	180	110	110	290	86	3	0	4	7	400	1600	0	2	160	20	3	0	6	6	6	6	0	0	82	0	0	0	0
152	"Magic stone of %s"	10	50	0	0	0	0	0	0	0	0	0	0	0	0	0	2	0	0	0	0	0	0	0	0	0	0	0	0	0	0	0
153	"Magic stone of %s"	10	50	0	0	0	0	0	0	0	0	0	0	0	0	0	2	0	0	0	0	0	0	0	0	0	0	0	0	0	0	0
154	"Magic stone of %s"	10	50	0	0	0	0	0	0	0	0	0	0	0	0	0	2	0	0	0	0	0	0	0	0	0	0	0	0	0	0	0
155	"Magic stone of %s"	10	50	0	0	0	0	0	0	0	0	0	0	0	0	0	2	0	0	0	0	0	0	0	0	0	0	0	0	0	0	0
156	"Magic stone of %s"	10	50	0	0	0	0	0	0	0	0	0	0	0	0	0	2	0	0	0	0	0	0	0	0	0	0	0	0	0	0	0
157	"Magic stone of %s"	10	50	0	0	0	0	0	0	0	0	0	0	0	0	0	2	0	0	0	0	0	0	0	0	0	0	0	0	0	0	0
158	"Magic stone of %s"	10	50	0	0	0	0	0	0	0	0	0	0	0	0	0	2	0	0	0	0	0	0	0	0	0	0	0	0	0	0	0
160	"Schriker"	40	1800	130	137	66	66	180	50	3	17	6	7	500	1600	0	2	160	0	4	0	14	14	14	14	0	0	49	0	0	0	0
161	"Illusion of Kundun"	52	3000	165	172	90	90	255	70	3	150	10	7	800	1700	60	2	140	0	4	0	254	254	254	254	0	0	67	0	0	0	0
162	"Chaos Castle 1"	54	4000	168	165	105	105	270	80	50	0	1	7	400	2000	0	2	300	400	3	0	0	0	0	0	0	0	22	0	0	0	0
163	"Chaos Castle 2"	60	5000	180	180	120	120	290	90	50	17	6	7	400	1600	0	2	300	400	3	0	0	0	0	0	0	0	30	0	0	0	0
164	"Chaos Castle 3"	65	6500	185	210	145	145	320	110	50	0	1	7	400	2000	0	2	300	400	3	0	1	1	1	1	0	0	56	0	0	0	0
165	"Chaos Castle 4"	68	8000	205	230	160	160	350	120	50	17	6	7	400	1600	0	2	300	400	3	0	1	1	1	1	0	0	67	0	0	0	0
166	"Chaos Castle 5"	70	10000	215	240	170	170	370	120	50	0	1	7	400	2000	0	2	300	400	3	0	2	2	2	2	0	0	78	0	0	0	0
167	"Chaos Castle 6"	75	12500	235	260	190	190	400	130	50	17	6	7	400	1600	0	2	300	400	3	0	2	2	2	2	0	0	90	0	0	0	0
168	"Chaos Castle 7"	76	15000	255	280	215	215	430	140	50	0	1	7	400	2000	0	2	300	400	3	0	4	4	4	4	0	0	108	0	0	0	0
169	"Chaos Castle 8"	80	18000	280	300	240	240	470	150	50	17	6	7	400	1600	0	2	300	400	3	0	4	4	4	4	0	0	120	0	0	0	0
170	"Chaos Castle 9"	111	20000	300	345	245	245	480	190	50	0	1	7	400	2000	0	2	300	400	3	0	5	5	5	5	0	0	127	0	0	0	0
171	"Chaos Castle 10"	114	23000	330	380	280	280	520	200	50	17	6	7	400	1600	0	2	300	400	3	0	5	5	5	5	0	0	142	0	0	0	0
172	"Chaos Castle 11"	116	40000	670	700	370	370	725	284	50	0	1	7	400	2000	0	2	300	400	3	0	6	6	6	6	0	0	161	0	0	0	0
173	"Chaos Castle 12"	120	44000	705	723	390	390	783	305	50	17	6	7	400	1600	0	2	300	400	3	0	6	6	6	6	0	0	180	0	0	0	0
174	"Death Angel"	40	1800	130	137	57	57	182	45	3	17	6	7	500	1500	0	2	160	0	3	0	14	14	14	14	0	0	42	0	0	0	0
175	"Death Centurion"	48	3000	155	162	81	81	235	58	3	17	6	7	500	1500	0	2	160	0	3	0	16	16	16	16	0	0	60	0	0	0	0
176	"Blood Soldier"	37	1400	120	127	50	50	163	40	3	17	6	7	500	1500	0	2	180	0	3	0	13	13	13	13	0	0	37	0	0	0	0
177	"Aegis"	32	1000	105	112	42	42	135	33	3	17	1	7	500	1500	0	2	180	0	3	0	11	11	11	11	0	0	31	0	0	0	0
178	"Rogue Centurion"	34	1200	112	119	45	45	147	36	3	17	2	5	500	1500	0	2	180	0	3	0	12	12	12	12	0	0	33	0	0	0	0
179	"Necron"	44	2300	140	147	68	68	205	50	3	17	2	5	500	1500	0	2	160	0	3	0	15	15	15	15	0	0	51	0	0	0	0
180	"Schriker"	53	3900	180	187	100	100	275	67	3	17	6	7	500	1600	0	2	160	0	4	0	17	17	17	17	0	0	75	0	0	0	0
181	"Illusion of Kundun"	65	6000	220	227	140	140	355	100	3	150	10	7	800	1700	60	2	140	0	4	0	254	254	254	254	0	0	105	0	0	0	0
182	"Death Angel"	53	4400	175	185	105	105	273	67	3	17	6	7	500	1500	0	2	150	0	3	0	17	17	17	17	0	0	78	0	0	0	0
183	"Death Centurion"	63	6600	225	235	150	150	325	92	3	17	6	7	500	1500	0	2	150	0	3	0	19	19	19	19	0	0	112	0	0	0	0
184	"Blood Soldier"	50	3650	160	170	90	90	250	60	3	17	6	7	500	1500	0	2	170	0	3	0	16	16	16	16	0	0	67	0	0	0	0
185	"Aegis"	46	2700	145	155	73	73	220	54	3	17	1	7	500	1500	0	2	170	0	3	0	14	14	14	14	0	0	54	0	0	0	0
186	"Rogue Centurion"	48	3100	152	162	80	80	232	56	3	17	2	5	500	1500	0	2	170	0	3	0	15	15	15	15	0	0	60	0	0	0	0
187	"Necron"	58	5300	195	205	126	126	296	77	3	17	2	5	500	1500	0	2	150	0	3	0	18	18	18	18	0	0	94	0	0	0	0
188	"Schriker"	69	8400	260	270	180	180	365	110	3	17	6	7	500	1600	0	2	150	0	4	0	20	20	20	20	0	0	135	0	0	0	0
189	"Illusion of Kundun"	81	14000	350	360	255	255	460	160	3	150	10	7	800	1700	60	2	130	0	4	0	254	254	254	254	0	0	191	0	0	0	0
190	"Death Angel"	74	12000	270	295	185	185	397	120	3	17	6	7	500	1500	0	2	140	0	3	0	20	20	20	20	0	0	138	0	0	0	0
191	"Death Centurion"	83	22500	350	375	255	255	500	175	3	17	6	7	500	1500	0	2	140	0	3	0	22	22	22	22	0	0	191	0	0	0	0
192	"Blood Soldier"	70	8800	245	265	165	165	360	105	3	17	6	7	500	1500	0	2	160	0	3	0	19	19	19	19	0	0	123	0	0	0	0
193	"Aegis"	62	6000	215	235	140	140	310	87	3	17	1	7	500	1500	0	2	160	0	3	0	17	17	17	17	0	0	105	0	0	0	0
194	"Rogue Centurion"	66	6900	230	250	150	150	330	95	3	17	2	5	500	1500	0	2	160	0	3	0	18	18	18	18	0	0	112	0	0	0	0
195	"Necron"	78	16000	305	330	215	215	440	145	3	17	2	5	500	1500	0	2	140	0	3	0	21	21	21	21	0	0	161	0	0	0	0
196	"Schriker"	88	30000	410	435	300	300	575	215	3	17	6	7	500	1600	0	2	140	0	4	0	23	23	23	23	0	0	225	0	0	0	0
197	"Illusion of Kundun"	100	50000	600	625	500	500	780	295	3	150	10	7	800	1700	60	2	120	0	4	0	254	254	254	254	0	0	375	0	0	0	0
200	"Soccer Ball"	12	1000	150	200	0	0	60	500	0	0	4	1	500	1000	3	1	200	20	0	0	0	0	0	0	0	0	0	0	0	0	0
204	"Wolf Status"	2	50	15	30	70	70	10	30	0	0	0	0	0	0	0	0	0	0	0	0	0	0	0	0	0	0	52	0	0	0	0
205	"Wolf Altar1"	2	50	15	30	70	70	10	30	0	0	0	0	0	0	0	0	0	0	0	0	0	0	0	0	0	0	52	0	0	0	0
206	"Wolf Altar2"	2	50	15	30	70	70	10	30	0	0	0	0	0	0	0	0	0	0	0	0	0	0	0	0	0	0	52	0	0	0	0
207	"Wolf Altar3"	2	50	15	30	70	70	10	30	0	0	0	0	0	0	0	0	0	0	0	0	0	0	0	0	0	0	52	0	0	0	0
208	"Wolf Altar4"	2	50	15	30	70	70	10	30	0	0	0	0	0	0	0	0	0	0	0	0	0	0	0	0	0	0	52	0	0	0	0
209	"Wolf Altar5"	2	50	15	30	70	70	10	30	0	0	0	0	0	0	0	0	0	0	0	0	0	0	0	0	0	0	52	0	0	0	0
215	"Shield"	2	50	15	30	70	70	10	30	0	0	0	5	400	1500	10	0	200	10	0	0	0	0	0	0	0	0	52	0	0	0	0
216	"Crown"	2	50	15	30	70	70	10	30	0	0	0	0	0	0	0	0	0	0	0	0	0	0	0	0	0	0	52	0	0	0	0
217	"Crown Switch2"	2	50	15	30	70	70	10	30	0	0	0	0	0	0	0	0	0	0	0	0	0	0	0	0	0	0	52	0	0	0	0
218	"Crown Switch1"	2	50	15	30	70	70	10	30	0	0	0	0	0	0	0	0	0	0	0	0	0	0	0	0	0	0	52	0	0	0	0
219	"Castle Gate Switch"	2	50	15	30	70	70	10	30	0	0	0	0	0	0	0	0	0	0	0	0	0	0	0	0	0	0	52	0	0	0	0
220	"Gatekeeper"	2	50	15	30	70	70	10	30	0	0	0	0	400	1500	0	0	0	0	0	0	0	0	0	0	0	0	52	0	0	0	0
221	"Slingshot attack"	2	50	15	30	70	70	10	30	0	0	0	0	400	1500	0	0	0	0	0	0	0	0	0	0	0	0	52	0	0	0	0
222	"Slingshot defense"	2	50	15	30	70	70	10	30	0	0	0	0	400	1500	0	0	0	0	0	0	0	0	0	0	0	0	52	0	0	0	0
223	"Senior"	2	50	15	30	70	70	10	30	0	0	0	0	0	0	0	0	0	0	0	0	0	0	0	0	0	0	52	0	0	0	0
224	"Guardsman"	2	50	15	30	70	70	10	30	0	0	0	0	0	0	0	0	0	0	0	0	0	0	0	0	0	0	52	0	0	0	0
226	"Trainer"	2	50	15	30	70	70	10	30	0	0	0	5	400	1500	0	0	200	10	0	0	0	0	0	0	0	0	52	0	0	0	0
229	"Marlon"	2	50	15	30	70	70	10	30	0	0	0	5	400	1500	0	0	200	10	0	0	0	0	0	0	0	0	52	0	0	0	0
230	"Wandering Mercha Alex"	2	50	15	30	70	20	10	30	0	0	0	5	400	1500	0	0	200	10	0	0	0	0	0	0	0	0	52	0	0	0	0
231	"Thompson Kenel"	2	50	15	30	70	20	10	30	0	0	0	5	400	1500	0	0	200	10	0	0	0	0	0	0	0	0	52	0	0	0	0
232	"Archangel"	2	50	15	30	70	20	10	30	0	0	0	5	400	1500	0	0	200	10	0	0	0	0	0	0	0	0	52	0	0	0	0
233	"Messenger of Archange"	2	50	15	30	70	20	10	30	0	0	0	5	400	1500	0	0	200	10	0	0	0	0	0	0	0	0	52	0	0	0	0
234	"Pet Trainer"	2	50	15	30	70	20	10	30	0	0	0	5	400	1500	0	0	200	10	0	0	0	0	0	0	0	0	52	0	0	0	0
235	"Sebina the Priest"	2	50	15	30	70	20	10	30	0	0	0	5	400	1500	0	0	200	10	0	0	0	0	0	0	0	0	52	0	0	0	0
236	"Golden Archer"	2	50	15	30	70	20	10	30	0	0	0	5	400	1500	0	0	200	10	0	0	0	0	0	0	0	0	52	0	0	0	0
237	"Charon"	2	50	15	30	70	20	10	30	0	0	0	5	400	1500	0	0	200	10	0	0	0	0	0	0	0	0	52	0	0	0	0
238	"Chaos Goblin"	2	50	15	30	70	20	10	30	0	0	0	5	400	1500	0	0	200	10	0	0	0	0	0	0	0	0	52	0	0	0	0
239	"Arena Guard"	2	50	15	30	70	20	10	30	0	0	0	5	400	1500	0	0	200	10	0	0	0	0	0	0	0	0	52	0	0	0	0
240	"Safety Guardian"	2	50	15	30	70	20	10	30	0	0	0	5	400	1500	0	0	200	10	0	0	0	0	0	0	0	0	52	0	0	0	0
241	"RoyalGuard CptLorence"	2	50	15	30	70	20	10	30	0	0	0	5	400	1500	0	0	200	10	0	0	0	0	0	0	0	0	52	0	0	0	0
242	"Elf Lala"	2	50	15	30	70	20	10	30	0	0	0	5	400	1500	0	0	200	10	0	0	0	0	0	0	0	0	52	0	0	0	0
243	"Eo the Craftsman"	2	50	15	30	70	20	10	30	0	0	0	5	400	1500	0	0	200	10	0	0	0	0	0	0	0	0	52	0	0	0	0
244	"Caren the Barmaid"	2	50	15	30	70	20	10	30	0	0	0	5	400	1500	0	0	200	10	0	0	0	0	0	0	0	0	52	0	0	0	0
245	"Wizard Izabel"	2	50	15	30	70	20	10	30	0	0	0	5	400	1500	0	0	200	10	0	0	0	0	0	0	0	0	52	0	0	0	0
246	"Weapons Mercha Zienna"	20	1000	15	30	70	70	100	30	0	0	0	5	400	1500	0	0	200	10	0	0	0	0	0	0	0	0	52	0	0	0	0
247	"Guard"	90	9000000	10000	15000	5000	5000	10000	10000	5	0	2	2	400	1500	0	1	200	10	0	0	0	0	0	0	1	0	52	0	0	0	0
248	"Wandering Merc Martin"	20	1000	15	30	70	70	100	30	0	0	0	5	400	1500	0	0	200	10	0	0	0	0	0	0	0	0	52	0	0	0	0
249	"Guard"	90	9000000	10000	15000	5000	5000	10000	10000	5	0	5	5	400	1500	0	1	200	10	0	0	0	0	0	0	0	0	52	0	0	0	0
250	"Wandering Merchant"	20	1000	15	30	70	70	100	30	0	0	0	5	400	1000	0	0	200	10	0	0	0	0	0	0	0	0	52	0	0	0	0
251	"Hanzo the Blacksmith"	20	1000	15	30	70	70	100	30	0	0	0	5	400	1500	0	0	200	10	0	0	0	0	0	0	0	0	52	0	0	0	0
252	"NPC SEM NOME"	2	50	15	30	70	70	10	30	0	0	2	5	400	1000	0	0	200	10	0	0	0	0	0	0	0	0	52	0	0	0	0
253	"Potion Girl Amy"	2	50	15	30	70	70	10	30	0	0	0	5	400	1500	0	0	200	10	0	0	0	0	0	0	0	0	52	0	0	0	0
254	"Pasi the Mage"	2	50	15	30	70	70	10	30	0	0	0	5	400	1500	0	0	200	10	0	0	0	0	0	0	0	0	52	0	0	0	0
255	"Lumen the Barmaid"	2	50	15	30	70	70	10	30	0	0	0	5	400	1500	0	0	200	10	0	0	0	0	0	0	0	0	52	0	0	0	0
256	"Lahap"	2	50	15	30	70	70	10	30	0	0	0	5	400	1500	0	0	200	10	0	0	0	0	0	0	0	0	52	0	0	0	0
257	"Shadow Phantom Soldie"	2	50	15	30	70	70	10	30	0	0	0	5	400	1500	0	0	200	10	0	0	0	0	0	0	0	0	52	0	0	0	0
258	"Luke the Helper"	90	10000	180	195	70	70	300	100	5	0	5	5	400	1500	0	1	200	10	0	0	0	0	0	0	0	0	52	0	0	0	0
259	"Oracle Layla"	2	50	15	30	70	70	10	30	0	0	0	5	400	1500	0	0	200	10	0	0	0	0	0	0	0	0	52	0	0	0	0
260	"Death Angel"	88	31000	408	443	315	315	587	195	3	17	6	7	500	1500	0	2	135	0	3	0	23	23	23	23	0	0	236	0	0	0	0
261	"Death Centurion"	98	48000	546	581	430	430	715	250	3	17	6	7	500	1500	0	2	135	0	3	0	25	25	25	25	0	0	322	0	0	0	0
262	"Blood Soldier"	85	26000	365	395	280	280	540	177	3	17	6	7	500	1500	0	2	155	0	3	0	22	22	22	22	0	0	210	0	0	0	0
263	"Aegis"	79	18000	310	340	230	230	460	163	3	17	1	7	500	1500	0	2	155	0	3	0	20	20	20	20	0	0	172	0	0	0	0
264	"Rogue Centurion"	82	21000	335	365	250	250	490	168	3	17	2	5	500	1500	0	2	155	0	3	0	21	21	21	21	0	0	187	0	0	0	0
265	"Necron"	93	38500	470	505	370	370	645	220	3	17	2	5	500	1500	0	2	135	0	3	0	24	24	24	24	0	0	277	0	0	0	0
266	"Schriker"	105	60000	640	675	515	515	810	290	3	17	6	7	500	1600	0	2	135	0	4	0	26	26	26	26	0	0	386	0	0	0	0
267	"Illusion of Kundun"	117	100000	835	870	680	680	1000	360	3	150	10	7	800	1700	60	2	110	0	4	0	254	254	254	254	0	0	510	0	0	0	0
268	"Death Angel"	105	65000	610	645	500	500	760	275	3	17	6	7	500	1500	0	2	130	0	3	0	26	26	26	26	0	0	375	0	0	0	0
269	"Death Centurion"	114	87500	753	788	620	620	900	335	3	17	6	7	500	1500	0	2	130	0	3	0	28	28	28	28	0	0	465	0	0	0	0
270	"Blood Soldier"	101	56000	570	600	460	460	713	255	3	17	6	7	500	1500	0	2	150	0	3	0	25	25	25	25	0	0	345	0	0	0	0
271	"Aegis"	95	42000	520	550	410	410	655	230	3	17	1	7	500	1500	0	2	150	0	3	0	23	23	23	23	0	0	307	0	0	0	0
272	"Rogue Centurion"	98	48500	540	570	432	432	680	240	3	17	2	5	500	1500	0	2	150	0	3	0	24	24	24	24	0	0	324	0	0	0	0
273	"Necron"	109	75500	672	707	550	550	820	303	3	17	2	5	500	1500	0	2	130	0	3	0	27	27	27	27	0	0	412	0	0	0	0
274	"Schriker"	119	105000	850	885	710	710	1000	370	3	17	6	7	500	1600	0	2	130	0	4	0	29	29	29	29	0	0	532	0	0	0	0
277	"Castle Gate"	2	50	15	30	70	70	10	30	0	0	0	0	0	0	0	0	0	0	0	0	0	0	0	0	0	0	52	0	0	0	0
278	"Life Stone"	2	250000	15	30	70	70	10	30	0	0	0	0	0	0	0	0	0	0	0	0	0	0	0	0	0	0	52	0	0	0	0
283	"Guardian Statue"	2	50	15	30	70	70	10	30	0	0	0	0	0	0	0	0	0	0	0	0	0	0	0	0	0	0	52	0	0	0	0
284	"NPC SEM NOME"	2	50	15	30	70	70	10	30	0	0	0	0	0	0	0	0	0	0	0	0	0	0	0	0	0	0	52	0	0	0	0
285	"Guardian"	2	30000	15	30	70	70	10	30	0	0	0	5	400	1500	0	0	200	10	0	0	0	0	0	0	0	0	52	0	0	0	0
286	"Archer"	100	23000	340	390	340	340	520	190	0	0	6	7	400	2000	0	2	0	0	0	0	7	7	7	7	0	0	255	0	0	0	0
287	"Spearman"	100	26000	390	430	380	380	590	200	0	0	1	3	400	1600	0	2	0	0	0	0	7	7	7	7	0	0	285	0	0	0	0
288	"Canon Tower"	200	50	575	610	500	500	1000	30	0	150	7	6	400	2000	0	0	0	0	0	0	0	0	0	0	0	0	375	0	0	0	0
290	"Lizard Warrior"	149	1000000	270	320	210	210	430	140	3	0	1	5	400	1400	0	2	200	46	3	0	26	26	26	26	0	0	157	0	0	0	0
291	"Fire Golem"	149	1000000	560	600	550	550	870	310	3	0	1	7	500	1600	0	2	150	166	4	0	29	29	29	29	0	0	412	0	0	0	0
292	"Queen Bee"	149	1000000	489	540	360	360	620	240	3	3	5	5	500	2000	0	2	180	46	3	0	28	28	28	28	0	0	270	0	0	0	0
293	"Poison Golem"	149	1000000	375	425	275	275	530	190	3	17	4	6	500	2000	0	2	180	100	3	0	27	27	27	27	0	0	206	0	0	0	0
294	"Ax Warrior"	149	1000000	255	290	195	195	385	125	3	0	1	5	400	1400	0	2	200	46	3	0	25	25	25	25	0	0	146	0	0	0	0
300	"Hero Mutant"	82	20000	500	560	380	380	415	170	20	0	1	10	800	1600	0	2	150	10	3	0	16	16	16	16	0	0	285	0	0	0	0
301	"Omega Wing"	102	69000	978	1080	720	720	670	290	20	0	1	10	800	1600	0	2	150	10	3	0	26	26	28	26	0	0	540	0	0	0	0
302	"Axl Hero"	85	23000	510	580	390	390	435	175	20	0	1	10	800	1600	0	2	150	10	3	0	50	50	50	50	0	0	292	0	0	0	0
303	"Gigas Golem"	94	50000	750	850	550	550	580	240	20	17	5	10	1000	2500	0	2	150	10	3	0	54	54	54	54	0	0	412	0	0	0	0
304	"Witch Queen"	94	38500	408	442	357	357	637	230	4	0	3	7	450	1700	0	2	160	46	3	0	22	22	22	22	0	0	267	0	0	0	0
305	"Blue Golem"	84	25000	288	322	277	277	507	170	4	0	2	7	450	1500	0	2	180	46	3	0	21	21	21	21	0	0	207	0	0	0	0
306	"Death Rider"	78	14000	260	294	222	222	402	144	4	0	1	5	450	1400	0	2	180	46	3	0	20	20	20	20	0	0	166	0	0	0	0
307	"Forest Orc"	74	11000	258	282	197	197	390	127	4	0	1	5	450	1400	0	2	180	46	3	0	19	19	19	19	0	0	147	0	0	0	0
308	"Death Tree"	72	10000	248	272	187	187	362	120	4	0	1	5	450	1400	0	2	180	46	3	0	18	18	18	18	0	0	140	0	0	0	0
309	"Hell Maine"	98	50000	550	600	520	520	850	300	6	0	5	10	600	2000	0	2	150	46	4	0	50	50	50	50	0	0	390	0	0	0	0

310	"Hammer Scout"	149	45000	530	560	420	420	670	250	6	0	1	5	600	1600	0	2	180	28	3	0	15	15	15	15	0	0	315	0	0	0	0
311	"Lance Scout"	149	45000	530	560	420	420	670	250	6	0	3	6	600	1600	0	2	180	28	3	0	17	17	17	17	0	0	315	0	0	0	0
312	"Bow Scout"	149	45000	530	560	420	420	670	250	6	0	6	7	700	1700	0	2	180	28	3	0	19	19	19	19	0	0	315	0	0	0	0
313	"Werewolf"	149	110000	830	850	680	680	950	355	6	0	1	7	600	1600	0	2	180	28	3	0	21	21	21	21	0	0	510	0	0	0	0
314	"Scout(Hero)"	149	120000	890	910	740	740	980	370	6	0	2	7	700	1700	0	2	150	28	3	0	23	23	23	23	0	0	555	0	0	0	0
315	"Werewolf(Hero)"	149	123000	964	1015	800	800	1027	397	6	0	2	7	700	1700	0	2	150	28	3	0	25	25	25	25	0	0	600	0	0	0	0
316	"Balram"	149	140000	1075	1140	885	885	1100	440	6	0	3	7	700	1700	0	2	130	28	3	0	27	27	27	27	0	0	663	0	0	0	0
317	"Soram"	149	164000	1200	1300	982	982	1173	500	6	0	7	7	700	1700	0	2	130	28	3	0	29	29	29	29	0	0	736	0	0	0	0

318	"Beam Knight (Hero)"	140	200000	1400	1600	1100	1100	1300	600	6	0	3	7	700	1700	0	2	130	28	3	0	31	31	31	31	0	0	825	0	0	0	0
319	"Chrome Dragon"	145	3500000	1230	1270	1200	1200	1800	900	6	0	4	10	800	3000	1800	2	100	28	4	0	254	254	254	254	0	0	900	0	0	0	0
331	"Aegis"	111	82000	712	752	584	584	850	315	3	17	1	7	500	1500	0	2	150	0	3	0	23	23	23	23	0	0	438	0	0	0	0
332	"Rogue Centurion"	114	88000	751	791	615	615	880	330	3	17	2	5	500	1500	0	2	150	0	3	0	24	24	24	24	0	0	461	0	0	0	0
333	"Blood Soldier"	117	97300	805	845	660	660	920	345	3	17	6	7	500	1500	0	2	150	0	3	0	25	25	25	25	0	0	495	0	0	0	0
334	"Death Angel"	121	110000	870	915	720	720	960	370	3	17	6	7	500	1500	0	2	130	0	3	0	26	26	26	26	0	0	540	0	0	0	0
335	"Necron"	125	125000	951	996	783	783	1015	405	3	17	2	5	500	1500	0	2	130	0	3	0	27	27	27	27	0	0	587	0	0	0	0
336	"Death Centurion"	130	145000	1040	1085	865	865	1080	440	3	17	6	7	500	1500	0	2	130	0	3	0	28	28	28	28	0	0	648	0	0	0	0
337	"Schriker"	135	170000	1168	1213	992	992	1190	485	3	17	6	7	500	1600	0	2	130	0	4	0	29	29	29	29	0	0	744	0	0	0	0
338	"Illusion of Kundun"	140	140000	1070	1105	892	892	1200	450	3	150	10	7	800	1700	60	2	100	0	4	0	60	60	60	60	0	0	669	0	0	0	0

341	"Soram"	134	100000	600	700	500	500	1500	397	6	0	4	7	700	1700	0	2	150	28	3	0	25	25	25	25	0	0	375	0	0	0	0
344	"Balram"	134	90000	600	700	500	500	1500	370	6	0	7	7	700	1700	0	2	150	28	3	0	23	23	23	23	0	0	375	0	0	0	0
345	"Death spirit"	134	95000	600	700	500	500	1500	397	6	0	6	7	700	1700	0	2	150	28	3	0	25	25	25	25	0	0	375	0	0	0	0
348	"Tanker"	133	450000	800	1000	840	840	1500	370	6	0	6	7	700	1700	0	2	150	28	3	0	23	23	23	23	0	0	630	0	0	0	0

350	"Berserker"	100	44370	555	590	443	443	728	255	3	0	2	7	500	1550	0	2	135	33	4	0	25	25	25	25	0	0	332	0	0	0	0
351	"Splinter Wolf"	80	16000	310	340	230	230	460	163	3	0	2	7	500	1500	0	2	155	33	3	0	20	20	20	20	0	0	172	0	0	0	0
352	"Iron Rider"	82	18000	335	365	250	250	490	168	3	0	2	5	500	1500	0	2	155	33	3	0	21	21	21	21	0	0	187	0	0	0	0
353	"Satyros"	85	22000	365	395	280	280	540	177	3	0	2	7	500	1500	0	2	155	33	3	0	22	22	22	22	0	0	210	0	0	0	0
354	"Blade Hunter"	88	32000	408	443	315	315	587	195	3	0	1	7	500	1500	0	2	135	33	3	0	23	23	23	23	0	0	236	0	0	0	0
355	"Kentauros"	93	38500	470	505	370	370	645	220	3	0	4	5	500	1500	0	2	135	33	3	0	24	24	24	24	0	0	277	0	0	0	0
356	"Gigantis"	98	43000	546	581	430	430	715	250	3	0	2	7	500	1500	0	2	135	33	3	0	25	25	25	25	0	0	322	0	0	0	0
357	"Genocider"	105	48500	640	675	515	515	810	290	3	0	2	7	500	1600	0	2	135	33	4	0	26	26	26	26	0	0	386	0	0	0	0
358	"Persona"	118	68000	1168	1213	615	615	1190	485	3	0	5	7	500	1600	0	2	130	33	4	0	29	29	29	29	0	0	461	0	0	0	0
359	"Twin Tale"	117	87500	830	1085	865	865	1080	440	3	0	4	7	500	1500	0	2	130	33	3	0	28	28	28	28	0	0	648	0	0	0	0
360	"Dreadfear"	119	94000	946	996	783	783	1015	905	3	0	2	5	500	1500	0	2	130	33	3	0	27	27	27	27	0	0	587	0	0	0	0
364	"Maya"	111	300	712	752	584	584	850	315	3	0	1	7	500	1500	0	2	150	0	3	0	254	254	254	254	0	0	438	0	0	0	0
367	"Gateway Machine"	20	1000	15	30	70	70	100	30	0	0	0	5	400	1500	0	0	200	10	0	0	0	0	0	0	0	0	52	0	0	0	0
368	"Elpis"	20	1000	15	30	70	70	100	30	0	0	0	5	400	1500	0	0	200	10	0	0	0	0	0	0	0	0	52	0	0	0	0
369	"Osbourne"	20	1000	15	30	70	70	100	30	0	0	0	5	400	1500	0	0	200	10	0	0	0	0	0	0	0	0	52	0	0	0	0
370	"Jerridon"	20	1000	15	30	70	70	100	30	0	0	0	5	400	1500	0	0	200	10	0	0	0	0	0	0	0	0	52	0	0	0	0
371	"Leo the Helper"	90	10000	180	195	70	70	300	100	5	0	5	5	400	1500	0	1	200	10	0	0	0	0	0	0	0	0	52	0	0	0	0
372	"Elite Skull Soldier"	10	10	10	10	10	10	10	10	0	0	0	0	0	0	0	0	0	0	0	0	0	0	0	0	0	0	7	0	0	0	0
373	"Jack Olantern"	10	10	10	10	10	10	10	10	0	0	0	0	0	0	0	0	0	0	0	0	0	0	0	0	0	0	7	0	0	0	0
374	"Santa"	10	10	10	10	10	10	10	10	0	0	0	0	0	0	0	0	0	0	0	0	0	0	0	0	0	0	7	0	0	0	0
375	"Chaos Card Master"	10	10	10	10	10	10	10	10	0	0	0	0	0	0	0	0	0	0	0	0	0	0	0	0	0	0	7	0	0	0	0
376	"Pamela the Supplier"	20	1000	15	30	70	70	100	30	0	0	0	5	400	1500	0	0	200	10	0	0	0	0	0	0	0	0	52	0	0	0	0
377	"Angela the Supplier"	20	1000	15	30	70	70	100	30	0	0	0	5	400	1500	0	0	200	10	0	0	0	0	0	0	0	0	52	0	0	0	0
378	"GameMaster"	2	10	10	10	10	10	10	10	0	0	0	0	0	0	0	0	0	0	0	0	0	0	0	0	0	0	7	0	0	0	0
379	"Natasha Firecracker"	2	10	10	10	10	10	10	10	0	0	0	0	0	0	0	0	0	0	0	0	0	0	0	0	0	0	7	0	0	0	0
380	"Stone Statue"	2	10	10	10	10	10	10	10	0	0	0	0	0	0	0	0	0	0	0	0	0	0	0	0	0	0	7	0	0	0	0
381	"MU Allies General"	2	10	10	10	10	10	10	10	0	0	0	0	0	0	0	0	0	0	0	0	0	0	0	0	0	0	7	0	0	0	0
382	"Illusion Sorcer Elder"	2	10	10	10	10	10	10	10	0	0	0	0	0	0	0	0	0	0	0	0	0	0	0	0	0	0	7	0	0	0	0
383	"Alliance Item Storage"	2	10	10	10	10	10	10	10	0	0	0	0	0	0	0	0	0	0	0	0	0	0	0	0	0	0	7	0	0	0	0
384	"Illusion Item Storage"	2	10	10	10	10	10	10	10	0	0	0	0	0	0	0	0	0	0	0	0	0	0	0	0	0	0	7	0	0	0	0
385	"Mirage"	2	10	10	10	10	10	10	10	0	0	0	0	0	0	0	0	0	0	0	0	0	0	0	0	0	0	7	0	0	0	0
386	"Illusion Sorce Spirit"	65	7150	195	245	150	150	340	98	4	3	4	4	800	1600	0	2	200	400	3	0	4	4	4	4	0	0	112	0	0	0	0
387	"Illusion Sorce Spirit"	65	7150	215	265	170	170	380	110	4	7	4	4	800	1600	0	2	200	400	3	0	4	4	4	4	0	0	127	0	0	0	0
388	"Illusion Sorce Spirit"	67	7370	235	285	190	190	440	130	5	0	1	6	1600	2000	0	2	200	300	3	0	4	4	4	4	0	0	142	0	0	0	0
389	"Illusion Sorce Spirit"	70	8680	280	330	210	210	500	150	4	3	4	4	800	1600	0	2	180	300	3	0	4	4	4	4	0	0	157	0	0	0	0
390	"Illusion Sorce Spirit"	70	8680	300	350	230	230	560	170	4	7	4	4	800	1600	0	2	180	200	3	0	4	4	4	4	0	0	172	0	0	0	0
391	"Illusion Sorce Spirit"	72	8928	320	370	250	250	640	200	5	0	1	6	1600	2000	0	2	180	100	4	0	7	7	7	7	0	0	187	0	0	0	0
392	"Illusion Sorce Spirit"	75	15000	375	395	280	280	460	150	4	3	4	4	800	1600	0	2	150	400	3	0	6	6	6	6	0	0	210	0	0	0	0
393	"Illusion Sorce Spirit"	75	15000	395	415	300	300	520	160	4	7	4	4	800	1600	0	2	150	400	3	0	6	6	6	6	0	0	225	0	0	0	0
394	"Illusion Sorce Spirit"	77	15400	415	435	320	320	580	195	5	0	1	6	1600	2000	0	2	150	300	3	0	6	6	6	6	0	0	240	0	0	0	0
395	"Illusion Sorce Spirit"	80	19200	480	500	360	360	660	230	4	3	4	4	800	1600	0	2	150	300	3	0	6	6	6	6	0	0	270	0	0	0	0
396	"Illusion Sorce Spirit"	80	19200	500	520	380	380	720	260	4	7	4	4	800	1600	0	2	150	200	3	0	6	6	6	6	0	0	285	0	0	0	0
397	"Illusion Sorce Spirit"	82	19680	520	540	400	400	840	280	5	0	1	6	1600	2000	0	2	150	100	4	0	9	9	9	9	0	0	300	0	0	0	0
398	"Illusion Sorce Spirit"	85	25500	595	615	450	450	760	275	4	3	4	4	800	1600	0	2	130	0	3	0	26	26	26	26	0	0	337	0	0	0	0
399	"Illusion Sorce Spirit"	85	25500	615	635	470	470	820	303	4	7	4	4	800	1600	0	2	130	0	3	0	27	27	27	27	0	0	352	0	0	0	0
400	"Illusion Sorce Spirit"	87	26100	635	655	490	490	900	335	5	0	1	6	1600	2000	0	2	130	0	3	0	28	28	28	28	0	0	367	0	0	0	0
401	"Illusion Sorce Spirit"	112	36000	720	740	550	550	1015	405	4	3	4	4	800	1600	0	2	130	0	3	0	27	27	27	27	0	0	412	0	0	0	0
402	"Illusion Sorce Spirit"	112	36000	740	760	570	570	1080	440	4	7	4	4	800	1600	0	2	130	0	3	0	28	28	28	28	0	0	427	0	0	0	0
403	"Illusion Sorce Spirit"	114	36800	760	780	590	590	1190	485	5	0	1	6	1600	2000	0	2	130	0	4	0	29	29	29	29	0	0	442	0	0	0	0
404	"MU Allies"	2	10	10	10	10	10	10	10	0	0	0	0	0	0	0	0	0	0	0	0	0	0	0	0	0	0	7	0	0	0	0
405	"Illusion Sorcerer"	2	10	10	10	10	10	10	10	0	0	0	0	0	0	0	0	0	0	0	0	0	0	0	0	0	0	7	0	0	0	0
406	"Apostle Devin"	2	10	10	10	10	10	10	10	0	0	0	0	0	0	0	0	0	0	0	0	0	0	0	0	0	0	7	0	0	0	0
407	"Werewolf Quarel"	2	10	10	10	10	10	10	10	0	0	0	0	0	0	0	0	0	0	0	0	0	0	0	0	0	0	7	0	0	0	0
408	"Gatekeeper"	2	10	10	10	10	10	10	10	0	0	0	0	0	0	0	0	0	0	0	0	0	0	0	0	0	0	7	0	0	0	0

409	"Balram Trainee"	117	75000	550	650	480	480	1200	370	6	0	4	7	500	1500	5	2	150	46	3	0	254	254	254	254	0	0	360	0	0	0	0
410	"Death Spirit Trainee"	118	85000	580	680	490	490	1200	390	6	0	4	7	500	1500	5	2	150	46	3	0	254	254	254	254	0	0	367	0	0	0	0
411	"Soram Trainee"	119	90000	600	700	500	500	1200	390	6	0	2	7	500	1500	5	2	150	46	3	0	254	254	254	254	0	0	375	0	0	0	0


414	"Helper Ellen"	2	10	10	10	10	10	10	10	0	0	0	0	0	0	0	0	0	0	0	0	0	0	0	0	0	0	7	0	0	0	0
415	"Silvia"	2	10	10	10	10	10	10	10	0	0	0	0	0	0	0	0	0	0	0	0	0	0	0	0	0	0	7	0	0	0	0
416	"Rhea"	2	10	10	10	10	10	10	10	0	0	0	0	0	0	0	0	0	0	0	0	0	0	0	0	0	0	7	0	0	0	0
417	"Marce"	2	10	10	10	10	10	10	10	0	0	0	0	0	0	0	0	0	0	0	0	0	0	0	0	0	0	7	0	0	0	0
418	"Strange Rabbit"	4	60	10	13	3	3	18	3	3	0	1	4	400	2000	0	2	120	20	6	0	0	0	0	0	0	0	2	0	0	0	0
419	"Hideous Rabbit"	19	520	68	72	22	22	93	22	3	0	1	4	400	1400	0	2	160	24	6	0	0	0	0	0	0	0	16	0	0	0	0
420	"Werewolf"	24	720	85	90	30	30	120	30	3	0	1	5	400	1800	0	2	170	28	6	0	0	0	0	0	0	0	22	0	0	0	0
421	"Polluted Butterfly"	13	230	37	42	13	13	58	13	3	0	1	4	400	1600	0	2	140	24	6	0	0	0	0	0	0	0	9	0	0	0	0
422	"Cursed Lich"	30	900	105	110	33	33	150	36	3	2	4	7	400	2000	0	2	180	28	6	0	0	2	0	0	0	0	24	0	0	0	0
423	"Totem Golem"	36	1200	120	125	50	50	180	43	3	0	1	6	400	1400	0	2	180	46	6	0	0	0	0	0	0	0	37	0	0	0	0
424	"Grizzly"	43	2400	130	140	65	65	215	52	2	17	2	6	400	1600	0	2	185	46	3	0	0	3	0	0	0	0	48	0	0	0	0
425	"Captain Grizzly"	48	3000	150	155	80	80	240	70	3	0	1	5	400	1400	0	2	200	46	3	0	3	3	3	5	0	0	60	0	0	0	0
426	"Chaos Castle 13"	123	60000	710	735	443	443	1000	340	50	0	1	7	400	2000	0	2	300	400	3	0	7	7	7	7	0	0	183	0	0	0	0
427	"Chaos Castle 14"	130	63000	750	778	470	470	1070	365	50	17	6	7	400	1600	0	2	300	400	3	0	7	7	7	7	0	0	210	0	0	0	0

428	"Chief Skelet Warrior"	105	2900000	475	510	440	440	570	250	3	0	1	3	400	2000	0	2	300	400	3	0	8	8	8	8	0	0	330	0	0	0	0
429	"Chief Skelet Archer"	106	3200000	510	555	480	480	640	260	3	0	5	7	400	1600	0	2	300	400	3	0	8	8	8	8	0	0	360	0	0	0	0
430	"Dark Skull Soldier"	110	3700000	600	650	500	500	710	300	3	0	1	3	400	2000	0	2	250	300	3	0	8	8	8	8	0	0	375	0	0	0	0
431	"Giant Ogre"		112	4500000	645	690	540	540	780	310	3	17	5	7	400	1600	0	2	250	300	3	0	8	8	8	8	0	0	405	0	0	0	0
432	"Red Skeleton Knight"	119	5500000	780	820	600	600	850	360	3	0	1	3	400	2000	0	2	200	200	3	0	8	8	8	8	0	0	450	0	0	0	0
433	"Magic Skeleton"	125	6500000	830	865	680	680	920	370	4	150	4	6	400	1800	0	2	150	100	4	0	11	11	11	11	0	0	510	0	0	0	0

434	"Crypta"	111	78000	705	755	560	560	1080	340	3	0	2	7	500	1500	0	2	135	0	3	0	25	25	25	25	0	0	270	0	0	0	0
435	"Crypos"	114	83000	720	770	575	575	1140	375	3	0	2	7	800	1700	0	2	110	0	3	0	50	50	50	50	0	0	307	0	0	0	0
436	"DreadFear"	119	94000	946	996	783	783	1015	905	6	0	4	7	500	1500	0	2	150	28	3	0	23	23	23	23	0	0	345	0	0	0	0
437	"Berserker Warrior"	123	184370	915	990	543	543	1557	755	6	0	2	7	500	1500	0	2	150	28	3	0	25	25	25	25	0	0	382	0	0	0	0
438	"Genocider Warrior"	126	198500	970	1005	570	570	1258	920	3	0	5	7	500	1600	0	2	130	0	3	0	29	29	29	29	0	0	420	0	0	0	0
439	"Sapi Queen"	131	218000	1441	2017	670	670	1847	875	3	0	2	5	500	1500	0	2	130	0	3	0	27	27	27	27	0	0	457	0	0	0	0
440	"Shadow Master"	137	242000	1743	2092	700	700	1646	990	6	0	6	10	700	1700	0	2	150	28	4	0	23	23	23	23	0	0	517	0	0	0	0
441	"Sapi-Unus"	149	37000	475	510	370	370	700	220	4	0	1	7	600	1500	0	2	140	33	3	0	0	20	0	0	0	0	277	0	0	0	0
442	"Sapi-Duo"	149	39500	485	505	375	375	730	225	4	0	1	7	600	1500	0	2	140	33	3	0	0	30	0	0	0	0	281	0	0	0	0
443	"Sapi-Tres"	149	58000	590	625	470	470	880	275	4	17	4	7	600	1500	0	2	135	33	3	0	0	40	0	0	0	0	352	0	0	0	0
444	"Shadow Pawn"	149	48500	540	575	430	430	830	240	4	0	1	5	700	1700	0	2	135	33	3	0	20	20	0	0	0	0	322	0	0	0	0
445	"Shadow Knight"	149	52000	570	600	455	455	860	255	4	7	1	5	700	1700	0	2	135	33	3	0	30	30	0	0	0	0	341	0	0	0	0
446	"Shadow Look"	149	62000	600	645	500	500	950	290	4	0	1	5	700	1700	0	2	130	33	3	0	40	40	0	0	0	0	375	0	0	0	0
447	"Thunder Napin"	149	42000	520	555	395	395	750	235	4	0	2	5	500	2000	0	2	140	33	3	0	0	0	20	0	0	0	296	0	0	0	0
448	"Ghost Napin"	149	68000	635	665	535	535	980	295	4	1	2	5	500	2000	0	2	130	33	3	0	0	30	0	0	0	0	401	0	0	0	0
449	"Blaze Napin"	149	70000	670	725	530	530	1000	303	4	0	2	5	500	2000	0	2	130	33	3	0	0	0	0	40	0	0	397	0	0	0	0
450	"Cherry Blossom Spirit"	2	10	10	10	10	10	10	10	0	0	0	0	0	0	0	0	0	0	0	0	0	0	0	0	0	0	7	0	0	0	0
451	"Cherry Blossom Tree"	2	10	10	10	10	10	10	10	0	0	0	0	0	0	0	0	0	0	0	0	0	0	0	0	0	0	7	0	0	0	0
452	"Seed Master"	2	10	10	10	10	10	10	10	0	0	0	0	0	0	0	0	0	0	0	0	0	0	0	0	0	0	7	0	0	0	0
453	"Seed Researcher"	2	10	10	10	10	10	10	10	0	0	0	0	0	0	0	0	0	0	0	0	0	0	0	0	0	0	7	0	0	0	0
454	"Ice Walker"	102	68000	1310	1965	615	615	1190	800	3	7	6	7	500	1500	0	2	140	33	3	0	150	30	30	30	0	0	461	0	0	0	0
455	"Giant Mammoth"	112	77000	1441	2017	585	585	1350	840	3	0	3	6	500	1500	0	2	140	33	3	0	150	30	30	30	0	0	438	0	0	0	0
456	"Ice Giant"	122	84000	1585	2060	620	620	1570	770	3	0	3	7	500	1500	0	2	150	33	3	0	150	30	30	30	0	0	465	0	0	0	0
457	"Coolutin"	132	88000	1743	2092	650	650	1940	840	3	7	6	7	500	1500	0	2	140	33	3	0	150	30	30	30	0	0	487	0	0	0	0
458	"Iron Knight"	142	95000	1917	2301	660	660	2000	800	3	0	6	7	500	1500	0	2	140	33	3	0	150	30	30	30	0	0	495	0	0	0	0
460	"Spider Eggs"	10	40000	500	540	410	410	750	280	3	0	2	7	800	1700	0	0	110	0	3	0	254	254	254	254	0	0	307	0	0	0	0
461	"Spider Eggs"	10	40000	500	540	410	410	750	280	3	0	2	7	800	1700	0	0	110	0	3	0	254	254	254	254	0	0	307	0	0	0	0
462	"Spider Eggs"	10	40000	500	540	410	410	750	280	3	0	2	7	800	1700	0	0	110	0	3	0	254	254	254	254	0	0	307	0	0	0	0
464	"Re-Initializat Helper"	2	10	10	10	10	10	10	10	0	0	0	0	0	0	0	0	0	0	0	0	0	0	0	0	0	0	7	0	0	0	0
465	"Santa Claus"	149	26000	370	410	400	400	550	200	4	3	5	6	400	2200	0	2	150	50	4	0	15	15	20	15	0	0	300	0	0	0	0
467	"Snowman"	10	10	10	10	10	10	10	10	0	0	0	0	0	0	0	0	0	0	0	0	0	0	0	0	0	0	7	0	0	0	0
468	"Dasher"	10	10	10	10	10	10	10	10	0	0	0	0	0	0	0	0	0	0	0	0	0	0	0	0	0	0	7	0	0	0	0
469	"Kermit"	10	10	10	10	10	10	10	10	0	0	0	0	0	0	0	0	0	0	0	0	0	0	0	0	0	0	7	0	0	0	0
470	"Dancer"	10	10	10	10	10	10	10	10	0	0	0	0	0	0	0	0	0	0	0	0	0	0	0	0	0	0	7	0	0	0	0
471	"Cupid"	10	10	10	10	10	10	10	10	0	0	0	0	0	0	0	0	0	0	0	0	0	0	0	0	0	0	7	0	0	0	0
472	"Prancer"	10	10	10	10	10	10	10	10	0	0	0	0	0	0	0	0	0	0	0	0	0	0	0	0	0	0	7	0	0	0	0
473	"Donner"	10	10	10	10	10	10	10	10	0	0	0	0	0	0	0	0	0	0	0	0	0	0	0	0	0	0	7	0	0	0	0
474	"Vixen"	10	10	10	10	10	10	10	10	0	0	0	0	0	0	0	0	0	0	0	0	0	0	0	0	0	0	7	0	0	0	0
475	"Blitzen"	10	10	10	10	10	10	10	10	0	0	0	0	0	0	0	0	0	0	0	0	0	0	0	0	0	0	7	0	0	0	0
477	"Transformed Snowman"	10	10	10	10	10	10	10	10	0	0	0	0	0	0	0	0	0	0	0	0	0	0	0	0	0	0	0	0	0	0	0
478	"Delgado"	2	10	10	10	10	10	10	10	0	0	0	0	0	0	0	0	0	0	0	0	0	0	0	0	0	0	7	0	0	0	0
479	"Doorkeeper Titus"	10	10	10	10	10	10	10	10	0	0	0	0	0	0	0	0	0	0	0	0	0	0	0	0	0	0	7	0	0	0	0
480	"Zombie Fighter"	90	20000	300	345	200	200	750	170	3	0	1	7	500	1500	0	2	130	33	3	0	200	200	200	250	0	0	150	0	0	0	0
481	"Zombie Fighter"	120	500000	850	950	210	210	1190	820	3	0	1	7	500	1500	0	2	130	33	3	0	200	200	200	250	0	0	157	0	0	0	0
482	"Resurrected Gladiator"	93	23000	320	360	220	220	780	200	3	0	2	7	500	1500	0	2	130	33	3	0	200	200	200	250	0	0	165	0	0	0	0
483	"Resurrected Gladiator"	121	513000	860	960	230	230	1210	825	3	0	2	7	500	1500	0	2	130	33	3	0	200	200	200	250	0	0	172	0	0	0	0
484	"Ash Slaughterer"	100	27000	335	370	270	270	810	230	3	0	2	7	450	1600	0	2	130	33	3	0	200	200	200	250	0	0	202	0	0	0	0
485	"Ash Slaughterer"	122	520000	870	970	280	280	1230	830	3	0	2	7	450	1600	0	2	130	33	3	0	254	254	254	254	0	0	210	0	0	0	0
486	"Blood Assassin"	107	37000	550	600	475	475	900	300	3	0	1	7	600	1200	0	2	130	33	3	0	200	200	200	250	0	0	356	0	0	0	0
487	"Cruel Blood Assassin"	109	40000	570	620	490	490	950	325	3	0	1	7	600	1200	0	2	130	33	3	0	200	200	200	250	0	0	367	0	0	0	0
488	"Cruel Blood Assassin"	123	523000	880	980	500	500	1250	835	3	0	1	7	600	1200	0	2	130	33	3	0	200	200	200	250	0	0	375	0	0	0	0
489	"Burning Lava Giant"	111	50000	600	650	520	520	970	330	3	0	1	7	500	1600	0	2	130	33	3	0	200	200	200	250	0	0	390	0	0	0	0
490	"Ruthless Lava Giant"	113	55000	630	680	535	535	1000	340	3	0	1	7	500	1600	0	2	130	33	3	0	200	200	200	250	0	0	401	0	0	0	0
491	"Ruthless Lava Giant"	124	530000	890	990	545	545	1270	840	3	0	1	7	500	1600	0	2	130	33	3	0	200	200	200	250	0	0	408	0	0	0	0
492	"Moss"	2	10	10	10	10	10	10	10	0	0	0	0	0	0	0	0	0	0	0	0	0	0	0	0	0	0	7	0	0	0	0
503	"Transformed Panda"	10	10	10	10	10	10	10	10	0	0	0	0	0	0	0	0	0	0	0	0	0	0	0	0	0	0	7	0	0	0	0
504	"Gaion Kharein"	1	1250	45	50	35	35	91	80	6	0	6	10	600	3000	0	2	160	10	6	254	254	254	254	254	0	0	26	0	0	0	0
505	"Jerint"	1	930	42	47	30	30	80	70	6	0	2	10	600	1600	0	2	160	10	6	254	254	254	254	254	0	0	22	0	0	0	0
506	"Raymond"	1	800	39	44	28	28	70	60	6	0	2	10	600	1600	0	2	150	10	6	254	254	254	254	254	0	0	21	0	0	0	0
507	"Erkanne"	1	800	39	44	28	28	70	60	6	0	2	10	600	1600	0	2	150	10	6	254	254	254	254	254	0	0	21	0	0	0	0
508	"Destler"	1	780	36	41	27	27	70	60	6	0	2	10	600	1600	0	2	150	10	6	254	254	254	254	254	0	0	20	0	0	0	0
509	"Vermont"	1	780	36	41	27	27	70	60	6	0	2	10	600	1600	0	2	150	10	6	254	254	254	254	254	0	0	20	0	0	0	0
510	"Kato"	1		780	36	41	27	27	70	60	6	0	2	10	600	1400	0	2	160	10	6	254	254	254	254	254	0	0	20	0	0	0	0
511	"Galia"	1		780	36	41	27	27	70	60	6	0	2	10	600	1400	0	2	160	10	6	254	254	254	254	254	0	0	20	0	0	0	0
512	"Quartermaster"	1	650	33	38	22	22	50	40	6	0	2	10	600	1600	0	2	130	10	6	254	254	254	254	254	0	0	16	0	0	0	0
513	"Combat Instructor"	1	650	33	38	22	22	50	40	6	0	2	10	600	1600	0	2	130	10	6	254	254	254	254	254	0	0	16	0	0	0	0
514	"Knight Commander"	1	650	33	38	22	22	50	40	6	0	2	10	600	1600	0	2	130	10	6	254	254	254	254	254	0	0	16	0	0	0	0
515	"Grand Wizard"	1	650	33	38	22	22	50	40	6	2	6	10	600	1600	0	2	140	10	6	254	254	254	254	254	0	0	16	0	0	0	0

//516	"Master Assassin"	1	650	33	38	22	22	50	40	6	0	2	10	600	1200	0	2	140	10	6	254	254	254	254	254	0	0	16	0	0	0	0

517	"Cavalry Captain"	1	650	33	38	22	22	50	40	6	0	2	10	600	1600	0	2	140	10	6	254	254	254	254	254	0	0	16	0	0	0	0
518	"Shield Bearer"	1	580	30	35	20	20	30	20	6	0	2	7	600	1400	0	2	120	10	6	254	254	254	254	254	0	0	15	0	0	0	0
519	"Medic"	1	500	25	30	15	15	30	20	6	2	6	10	600	1400	0	2	120	10	6	254	254	254	254	254	0	0	11	0	0	0	0
520	"Knights"	1	550	28	33	17	17	30	20	6	0	2	7	600	1400	0	2	120	10	6	254	254	254	254	254	0	0	12	0	0	0	0
521	"Bodyguard"	1	570	30	35	18	18	30	20	6	0	2	10	600	1400	0	2	120	10	6	254	254	254	254	254	0	0	13	0	0	0	0
522	"Jerint the Assistant"	2	10	10	10	10	10	10	10	0	0	0	0	0	0	0	0	0	0	0	0	0	0	0	0	0	0	7	0	0	0	0
523	"Trap"	2	100	15	52	0	0	45	50	0	0	5	5	0	1000	3	1	0	0	0	0	254	254	254	254	0	0	0	0	0	0	0
524	"Castle Gate 1"	1	500	0	0	0	0	0	1	0	0	0	0	0	0	0	0	0	0	0	0	254	254	254	254	0	0	0	0	0	0	0
525	"Castle Gate 2"	1	600	0	0	0	0	0	1	0	0	0	0	0	0	0	0	0	0	0	0	254	254	254	254	0	0	0	0	0	0	0
526	"Stone Statue 1"	1	650	0	0	0	0	0	1	0	0	0	0	0	0	0	0	0	0	0	0	254	0	0	0	0	0	0	0	0	0	0
527	"Castle Gate 3"	1	500	0	0	0	0	0	1	0	0	0	0	0	0	0	0	0	0	0	0	254	254	254	254	0	0	0	0	0	0	0
528	"Castle Gate 4"	1	600	0	0	0	0	0	1	0	0	0	0	0	0	0	0	0	0	0	0	254	254	254	254	0	0	0	0	0	0	0
529	"Furious Slaughterer"	145	2800	125	135	83	83	2000	1500	3	0	6	7	500	1600	0	0	0	0	6	15	15	15	254	15	0	0	62	0	0	0	0
530	"Slaughterer"	130	2300	110	120	73	73	1000	1000	3	0	6	7	500	1600	0	0	0	0	6	15	15	15	254	15	0	0	54	0	0	0	0
531	"Ice Walker"	135	1500	85	90	60	60	800	1000	3	0	8	10	400	2000	0	2	100	0	6	15	15	15	15	15	0	0	45	0	0	0	0
532	"Larva"	110	1000	75	80	55	55	800	900	3	1	2	7	400	2000	0	2	100	0	6	15	15	15	15	15	0	0	41	0	0	0	0
533	"Doppelganger"	105	600	80	85	45	45	1000	900	3	239	1	3	400	1600	0	2	100	5	6	10	10	10	10	10	0	0	33	0	0	0	0
534	"Doppelganger Elf"	105	500	65	70	30	30	700	500	2	235	5	6	400	1400	0	2	100	5	6	10	10	10	10	10	0	0	22	0	0	0	0
535	"Doppelganger Knight"	105	500	65	70	30	30	700	500	2	41	1	3	400	2200	0	2	100	5	6	10	10	10	10	10	0	0	22	0	0	0	0
536	"Doppelganger Wizard"	105	500	65	70	30	30	700	500	2	39	5	4	400	2200	0	2	100	5	6	10	10	10	10	10	0	0	22	0	0	0	0
537	"Doppelganger MgcGlad"	105	500	65	70	30	30	700	500	2	56	4	4	400	1400	0	2	100	5	6	10	10	10	10	10	0	0	22	0	0	0	0
538	"Doppelganger DarkLord"	105	900	85	90	55	55	900	800	3	62	4	6	400	1600	0	2	100	5	6	15	15	15	15	15	0	0	41	0	0	0	0
539	"Doppelganger Summoner"	105	500	65	70	30	30	500	300	3	230	2	4	400	1600	0	2	100	5	6	10	10	10	10	10	0	0	22	0	0	0	0
540	"Lugard"	2	10	10	10	10	10	10	10	0	0	0	0	0	0	0	0	0	0	0	0	0	0	0	0	0	0	7	0	0	0	0
541	"Interim Reward Chest"	2	10	10	10	10	10	10	10	0	0	0	0	0	0	0	0	0	0	0	0	0	0	0	0	0	0	7	0	0	0	0
542	"Final Reward Chest"	2	10	10	10	10	10	10	10	0	0	0	0	0	0	0	0	0	0	0	0	0	0	0	0	0	0	7	0	0	0	0
543	"Gens Duprian Steward"	2	10	10	10	10	10	10	10	0	0	0	0	0	0	0	0	0	0	0	0	0	0	0	0	0	0	7	0	0	0	0
544	"Gens Vanert Steward"	2	10	10	10	10	10	10	10	0	0	0	0	0	0	0	0	0	0	0	0	0	0	0	0	0	0	7	0	0	0	0
545	"Christine the Mercha"	2	10	10	10	10	10	10	10	0	0	0	0	0	0	0	0	0	0	0	0	0	0	0	0	0	0	7	0	0	0	0
546	"Jeweler Raul"	2	10	10	10	10	10	10	10	0	0	0	0	0	0	0	0	0	0	0	0	0	0	0	0	0	0	7	0	0	0	0
547	"MarketUnion Julia"	2	10	10	10	10	10	10	10	0	0	0	0	0	0	0	0	0	0	0	0	0	0	0	0	0	0	7	0	0	0	0
548	"Transformed Skeleton"	10	10	10	10	10	10	10	10	0	0	0	0	0	0	0	0	0	0	0	0	0	0	0	0	0	0	7	0	0	0	0
549	"Bloody Orc"	114	117000	675	710	420	420	900	820	4	0	2	9	700	1500	0	2	120	40	3	0	20	20	20	150	0	0	315	0	0	0	0
550	"Bloody Death Rider"	115	88000	795	830	460	460	1100	430	4	0	2	9	700	2500	0	2	120	40	3	0	20	20	20	150	0	0	345	0	0	0	0
551	"Bloody Golem"	117	129700	715	750	470	470	900	960	4	0	2	9	700	1500	0	2	110	40	4	0	20	20	20	150	0	0	352	0	0	0	0
552	"Bloody Witch Queen"	120	85700	835	870	480	480	1100	430	4	0	3	9	700	2500	0	2	105	40	4	0	20	20	20	150	0	0	360	0	0	0	0
553	"Berserker Warrior"	123	184370	915	990	543	543	1557	755	3	0	2	9	700	2500	0	2	120	40	4	0	20	20	150	20	0	0	407	0	0	0	0
554	"Kentauros Warrior"	126	198500	970	1005	570	570	1258	920	3	0	4	9	700	1500	0	2	120	40	3	0	20	20	150	20	0	0	427	0	0	0	0
555	"Gigantis Warrior"	128	203000	1046	1181	630	630	1575	750	3	0	2	9	700	2500	0	2	110	40	3	0	20	20	150	20	0	0	472	0	0	0	0
556	"Genocider Warrior"	129	218500	1240	1375	715	715	1251	990	3	0	2	9	700	2500	0	2	105	40	4	0	20	20	150	20	0	0	536	0	0	0	0
557	"Sapi Queen"	149	218000	1441	2017	670	670	1847	875	4	17	3	9	700	2550	0	2	120	40	4	0	150	20	20	20	0	0	502	0	0	0	0
558	"Ice Napin"	149	230000	1585	2060	730	730	1544	903	4	0	2	9	700	2500	0	2	120	40	3	0	150	20	20	20	0	0	547	0	0	0	0
559	"Shadow Master"	149	242000	1743	2092	700	700	1646	990	4	0	2	9	700	2500	0	2	110	40	4	0	150	20	20	20	0	0	525	0	0	0	0
560	"Sapi Queen"	141	358000	1917	2301	740	740	1140	1135	4	17	3	9	700	2000	0	2	105	40	6	0	254	254	254	254	0	0	555	0	0	0	0
562	"Dark Mammoth"	140	237000	1741	2317	785	785	2240	1440	3	0	3	6	700	2500	0	2	120	40	4	0	30	150	30	30	0	0	588	0	0	0	0
563	"Dark Giant"	143	254000	1885	2360	820	820	2647	970	3	0	3	8	700	2500	0	2	120	40	3	0	30	150	30	30	0	0	615	0	0	0	0
564	"Dark Coolutin"	145	248000	2043	2392	850	850	2142	1440	3	7	6	8	700	2500	0	2	110	40	3	0	30	150	30	30	0	0	637	0	0	0	0
565	"Dark Iron Knight"	148	265000	2217	2601	860	860	2441	1430	3	0	3	8	700	2500	0	2	105	40	4	0	30	150	30	30	0	0	645	0	0	0	0
566	"MercenGldMangrTercia"	2	10	10	10	10	10	10	10	0	0	0	0	0	0	0	0	0	0	0	0	0	0	0	0	0	0	7	0	0	0	0
567	"Priestess Veina"	2	10	10	10	10	10	10	10	0	0	0	0	0	0	0	0	0	0	0	0	0	0	0	0	0	0	7	0	0	0	0
568	"Wandering Merch Zyro"	2	10	10	10	10	10	10	10	0	0	0	0	0	0	0	0	0	0	0	0	0	0	0	0	0	0	7	0	0	0	0
569	"VenomousChain Scorpio"	99	50000	555	590	445	445	845	248	6	1	2	10	900	1500	0	2	130	33	3	0	100	254	100	200	0	0	333	0	0	0	0
570	"Bone Scorpion"	103	60000	595	635	485	485	915	283	6	1	2	10	900	1500	0	2	130	33	3	0	100	254	100	200	0	0	363	0	0	0	0
571	"Orcus"	105	65000	618	655	518	518	965	293	6	0	2	10	700	1800	0	2	130	33	3	0	100	100	100	240	0	0	388	0	0	0	0
572	"Gollock"	108	72000	685	735	545	545	1020	315	6	0	2	10	700	1800	0	2	130	33	3	0	100	100	100	240	0	0	408	0	0	0	0
573	"Crypta"	111	78000	705	755	560	560	1080	340	6	0	1	10	800	1700	0	2	135	33	3	0	150	254	100	150	0	0	420	0	0	0	0
574	"Crypos"	114	83000	720	770	575	575	1140	375	6	1	2	10	800	1700	0	2	135	33	3	0	150	254	100	150	0	0	431	0	0	0	0
575	"Condra"	117	90000	735	790	610	610	1200	405	6	0	2	10	500	2000	0	2	135	33	3	0	150	255	255	255	0	0	457	0	0	0	0
576	"Narcondra"	120	96000	750	815	640	640	1265	425	6	0	2	10	500	2000	0	2	135	33	3	0	150	255	255	255	0	0	480	0	0	0	0
577	"Leina the Merchant"	2	10	10	10	10	10	10	10	0	0	0	0	0	0	0	0	0	0	0	0	0	0	0	0	0	0	7	0	0	0	0
578	"Weapons Merchant Bolo"	2	10	10	10	10	10	10	10	0	0	0	0	0	0	0	0	0	0	0	0	0	0	0	0	0	0	7	0	0	0	0
579	"David"	2	10	10	10	10	10	10	10	0	0	0	0	0	0	0	0	0	0	0	0	0	0	0	0	0	0	7	0	0	0	0
580	"Captain Slough"	2	10	10	10	10	10	10	10	0	0	0	0	0	0	0	0	0	0	0	0	0	0	0	0	0	0	7	0	0	0	0
581	"Deruvish"	2	10	10	10	10	10	10	10	0	0	0	0	0	0	0	0	0	0	0	0	0	0	0	0	0	0	7	0	0	0	0
582	"Adniel"	2	10	10	10	10	10	10	10	0	0	0	0	0	0	0	0	0	0	0	0	0	0	0	0	0	0	7	0	0	0	0
583	"Jin"	2	10	10	10	10	10	10	10	0	0	0	0	0	0	0	0	0	0	0	0	0	0	0	0	0	0	7	0	0	0	0
584	"Sir Lesnar"	2	10	10	10	10	10	10	10	0	0	0	0	0	0	0	0	0	0	0	0	0	0	0	0	0	0	7	0	0	0	0
585	"Scarecrow"	2	99999999	10	10	100	100	10	10	0	0	0	0	0	0	0	0	0	0	0	0	254	254	254	254	0	0	750	0	0	0	0
586	"Devilfairy"	88	29000	408	443	315	315	587	195	3	0	2	7	500	1500	0	2	160	33	3	0	0	0	0	0	6	1	2160	50	90	5870	195
587	"Elemental Beast"	91	32000	435	465	340	340	550	185	3	0	2	7	500	1500	0	2	160	33	3	0	0	0	0	0	6	1	2450	50	80	5500	185
588	"Elemental Knight"	93	33000	455	510	370	370	590	220	3	0	2	7	500	1500	0	2	160	33	3	0	0	0	0	0	6	1	2770	50	90	5900	220
589	"Ubaid Devilfairy"	99	35000	520	555	395	395	750	235	3	0	2	7	500	1500	0	2	160	33	3	0	0	0	0	0	6	1	3060	50	70	7500	235
590	"Ubaid Element Beast"	101	37500	540	575	430	430	830	240	3	0	2	7	500	1500	0	2	160	33	3	0	0	0	0	0	6	1	3360	50	70	8300	240
591	"Ubaid Element Knight"	103	38500	570	600	455	455	860	255	3	0	2	7	500	1500	0	2	160	33	3	0	0	0	0	0	6	1	3510	50	70	8600	255

592	"Undine"	113	11100	600	635	515	515	950	315	6	1	2	10	900	1500	3600	2	130	33	3	0	254	254	254	254	2	2	2400	50	70	9500	315
593	"Salamander"	113	10000	620	655	495	495	1020	315	6	0	2	10	700	1800	3600	2	130	33	3	0	254	254	254	254	1	2	2550	50	70	9500	315
594	"Sylphid"	113	9500	635	675	475	475	1020	315	6	0	2	10	700	1800	3600	2	130	33	3	0	254	254	254	254	4	2	2750	50	70	9500	315

596	"Hellraiser"	113	9000	600	630	475	475	1020	305	6	1	2	10	800	1700	3600	2	135	33	3	0	254	254	254	254	5	2	2350	50	70	9500	315

597	"Summoned Satyros"	85	30000	555	590	300	300	2500	500	3	0	2	7	500	1500	10	2	155	33	3	0	22	22	22	22	0	0	93	0	0	0	0
598	"Fire Tower"	2	3000	0	0	0	0	0	1	0	0	0	0	0	0	0	0	0	0	0	0	0	0	0	0	0	0	0	0	0	0	0
599	"Water Tower"	2	3000	0	0	0	0	0	1	0	0	0	0	0	0	0	0	0	0	0	0	0	0	0	0	0	0	0	0	0	0	0
600	"Earth Tower"	2	3000	0	0	0	0	0	1	0	0	0	0	0	0	0	0	0	0	0	0	0	0	0	0	0	0	0	0	0	0	0
601	"Wind Tower"	2	3000	0	0	0	0	0	1	0	0	0	0	0	0	0	0	0	0	0	0	0	0	0	0	0	0	0	0	0	0	0
602	"Darkness Tower"	2	3000	0	0	0	0	0	1	0	0	0	0	0	0	0	0	0	0	0	0	0	0	0	0	0	0	0	0	0	0	0
603	"Arca Barrier"	2	10	10	10	10	10	10	10	0	0	0	0	0	0	0	0	0	0	0	0	0	0	0	0	0	0	3	0	0	0	0
604	"Jin"	2	10	10	10	10	10	10	10	0	0	0	0	0	0	0	0	0	0	0	0	0	0	0	0	0	0	3	0	0	0	0
605	"Mining Area (Small)"	95	5	10	10	10	10	10	10	0	0	0	0	0	0	10	1	0	0	0	0	0	0	0	0	0	0	3	0	0	0	0
606	"Mining Area (Medium)"	100	5	10	10	10	10	10	10	0	0	0	0	0	0	20	1	0	0	0	0	0	0	0	0	0	0	3	0	0	0	0
607	"Mining Area (Large)"	105	5	10	10	10	10	10	10	0	0	0	0	0	0	30	1	0	0	0	0	0	0	0	0	0	0	3	0	0	0	0
608	"Debenter Devilfairy"	105	57000	590	620	480	480	890	270	3	0	2	7	500	1500	0	2	160	33	3	0	0	0	0	0	6	1	3710	486	511	8900	270
609	"Deventer Elem Beast"	107	63000	610	640	500	500	920	285	3	0	2	7	500	1500	0	2	160	33	3	0	0	0	0	0	6	1	3910	516	541	9200	285
610	"Debenter Elem Knight"	109	70000	630	660	520	520	950	300	3	0	2	7	500	1500	0	2	160	33	3	0	0	0	0	0	6	1	4110	546	571	9500	300
611	"Sellihoden"	119	12210	630	666	540	540	997	346	6	1	2	10	900	1500	3600	2	130	33	3	0	254	254	254	254	1	2	2520	495	523	9970	330
612	"Ukanva"	119	11000	651	687	519	519	1071	346	6	0	2	10	700	1800	3600	2	130	33	3	0	254	254	254	254	2	2	2670	486	510	9970	330
613	"Silla"	119	10450	666	708	498	498	1071	346	6	0	2	10	700	1800	3600	2	130	33	3	0	254	254	254	254	4	2	2880	519	537	9970	330
614	"Normus"	119	13200	619	666	572	0	1008	324	6	0	1	10	800	1700	3600	2	135	33	3	0	254	254	254	254	3	2	2360	480	509	9970	330
615	"Muff"	119	10800	630	661	498	0	1071	324	6	1	2	10	800	1700	3600	2	135	33	3	0	254	254	254	254	5	2	2460	490	507	9970	330
616	"Brown Bear Trans Ring"	10	10	10	10	10	1	10	10	0	0	0	0	0	0	0	0	0	0	0	0	0	0	0	0	0	0	70	0	0	0	0
617	"Pink Bear Transf Ring"	10	10	10	10	10	1	10	10	0	0	0	0	0	0	0	0	0	0	0	0	0	0	0	0	0	0	70	0	0	0	0
618	"[GM] Romeu"	30	3500	70	90	30	30	160	20	6	0	1	7	400	2000	0	2	300	400	0	0	0	0	0	0	0	0	70	0	0	0	0
619	"[VM] Nox"	40	8000	132	135	75	75	225	60	6	0	1	7	400	2000	0	2	300	400	0	0	0	0	0	0	0	0	70	0	0	0	0
620	"[VM] Redd"	54	20000	168	165	105	105	270	80	6	0	1	7	400	2000	0	2	300	400	0	0	0	0	0	0	0	0	70	0	0	0	0
621	"[EVM] Iza"	65	32500	185	210	145	145	320	110	6	0	1	7	400	2000	0	2	300	400	0	0	0	0	0	0	0	0	70	0	0	0	0
622	"[VM] Hail"	70	400000	215	240	170	170	370	120	6	0	1	7	400	2000	0	2	300	400	0	0	0	0	0	0	0	0	70	0	0	0	0
623	"[VM] Fast"	76	900000	255	280	215	215	430	140	6	0	1	7	400	2000	0	2	300	400	0	0	0	0	0	0	0	0	70	0	0	0	0
624	"[GM] Ceth"	111	1600000	300	345	245	245	480	190	6	0	1	7	400	2000	0	2	300	400	0	0	0	0	0	0	0	0	70	0	0	0	0
625	"Robot Knight Trans Ri"	10	10	10	10	10	10	10	10	0	0	0	0	0	0	0	0	0	0	0	0	0	0	0	0	0	0	70	0	0	0	0
626	"Mini Robot Trans Ring"	10	10	10	10	10	10	10	10	0	0	0	0	0	0	0	0	0	0	0	0	0	0	0	0	0	0	70	0	0	0	0
628	"Cursed Water Tower"	2	10000000	0	0	600	600	0	600	0	0	0	0	0	0	0	0	0	0	0	0	0	0	0	0	2	1	2000	0	0	0	0
629	"Cursed Earth Tower"	2	10000000	0	0	600	600	0	600	0	0	0	0	0	0	0	0	0	0	0	0	0	0	0	0	3	1	2000	0	0	0	0
630	"Cursed Wind Tower"	2	10000000	0	0	600	600	0	600	0	0	0	0	0	0	0	0	0	0	0	0	0	0	0	0	4	1	2000	0	0	0	0
631	"Cursed Darkness Tower"	2	10000000	0	0	600	600	0	600	0	0	0	0	0	0	0	0	0	0	0	0	0	0	0	0	5	1	2000	0	0	0	0
632	"Cursed Undine"	119	100000	1	2000	600	600	1500	1200	6	1	2	10	900	1500	0	2	130	33	3	0	0	0	0	0	2	2	3020	594	627	11960	396
633	"Cursed Salamander"	119	100000	1	2000	600	600	1500	1200	6	0	2	10	700	1800	0	2	130	33	3	0	0	0	0	0	1	2	3200	583	612	11960	396
634	"Cursed Sylphid"	119	100000	1	2000	600	600	1500	1200	6	0	2	10	700	1800	0	2	130	33	3	0	0	0	0	0	4	2	3450	622	644	11960	396
635	"Cursed Gnome"	119	100000	1	2000	600	0	1500	1200	6	0	1	10	800	1700	0	2	135	33	3	0	0	0	0	0	3	2	2830	576	610	11960	396
636	"Cursed Hellraiser"	119	100000	1	2000	600	0	1500	1200	6	1	2	10	800	1700	0	2	135	33	3	0	0	0	0	0	5	2	2950	588	608	11960	396
637	"Cursed Sellihoden"	129	150000	1	2200	700	0	1800	1500	6	1	2	10	900	1500	0	2	130	33	3	0	0	0	0	0	1	2	3620	712	752	14350	475
638	"Cursed Ukanva"	129	150000	1	2200	700	0	1800	1500	6	0	2	10	700	1800	0	2	130	33	3	0	0	0	0	0	2	2	3840	699	734	14350	475
639	"Cursed Silla"	129	150000	1	2200	700	0	1800	1500	6	0	2	10	700	1800	0	2	130	33	3	0	0	0	0	0	4	2	4140	74	77	14350	475
640	"Cursed Normus"	129	150000	1	2200	700	0	1800	1500	6	0	1	10	800	1700	0	2	135	33	3	0	0	0	0	0	3	2	3390	691	732	14350	475
641	"Cursed Muff"	129	150000	1	2200	700	0	1800	1500	6	1	2	10	800	1700	0	2	135	33	3	0	0	0	0	0	5	2	3540	705	729	14350	475
642	"GreatHeavenlyMageTran"	10	10	10	10	10	1	10	10	0	0	0	0	0	0	0	0	0	0	0	0	0	0	0	0	0	0	70	0	0	0	0
643	"Mait"	2	10	10	10	10	1	10	10	0	0	0	0	0	0	0	0	0	0	0	0	0	0	0	0	0	0	70	0	0	0	0
644	"Chaos Castle 15"	111	20000	300	345	245	0	480	190	50	0	1	7	400	2000	10	2	300	400	3	0	7	7	7	7	0	0	1830	0	0	0	0
645	"Chaos Castle 16"	114	23000	330	380	280	0	520	200	50	17	6	7	400	1600	10	2	300	400	3	0	7	7	7	7	0	0	2100	0	0	0	0
646	"Brown Panda Transformation Ring"	10	10	10	10	10	10	10	10	0	0	0	0	0	0	0	0	0	0	0	0	0	0	0	0	0	0	0	0	0	0	0
651	"PrivateStore Board"	2	10	10	10	10	1	10	10	0	0	0	0	0	0	0	0	0	0	0	0	0	0	0	0	0	0	70	0	0	0	0
658	"Cursed Statue"	2	10	10	10	10	10	10	10	0	0	0	0	0	0	0	0	0	0	0	0	0	0	0	0	0	0	7	0	0	0	0
659	"Captured Stone Statue"	2	10	10	10	10	10	10	10	0	0	0	0	0	0	0	0	0	0	0	0	0	0	0	0	0	0	7	0	0	0	0
660	"Captured Stone Statue"	2	10	10	10	10	10	10	10	0	0	0	0	0	0	0	0	0	0	0	0	0	0	0	0	0	0	7	0	0	0	0
661	"Captured Stone Statue"	2	10	10	10	10	10	10	10	0	0	0	0	0	0	0	0	0	0	0	0	0	0	0	0	0	0	7	0	0	0	0
662	"Captured Stone Statue"	2	10	10	10	10	10	10	10	0	0	0	0	0	0	0	0	0	0	0	0	0	0	0	0	0	0	7	0	0	0	0
663	"Captured Stone Statue"	2	10	10	10	10	10	10	10	0	0	0	0	0	0	0	0	0	0	0	0	0	0	0	0	0	0	7	0	0	0	0
664	"Captured Stone Statue"	2	10	10	10	10	10	10	10	0	0	0	0	0	0	0	0	0	0	0	0	0	0	0	0	0	0	7	0	0	0	0
665	"Captured Stone Statue"	2	10	10	10	10	10	10	10	0	0	0	0	0	0	0	0	0	0	0	0	0	0	0	0	0	0	7	0	0	0	0
666	"Captured Stone Statue"	2	10	10	10	10	10	10	10	0	0	0	0	0	0	0	0	0	0	0	0	0	0	0	0	0	0	7	0	0	0	0
667	"Captured Stone Statue"	2	10	10	10	10	10	10	10	0	0	0	0	0	0	0	0	0	0	0	0	0	0	0	0	0	0	7	0	0	0	0
668	"Captured Stone Statue"	2	10	10	10	10	10	10	10	0	0	0	0	0	0	0	0	0	0	0	0	0	0	0	0	0	0	7	0	0	0	0
669	"Ellin"	2	10	10	10	10	10	10	10	0	0	0	0	0	0	0	0	0	0	0	0	0	0	0	0	0	0	7	0	0	0	0
670	"Uruk Devil Fairy"	115	68000	730	760	630	630	1000	300	3	0	2	7	500	1500	0	2	160	33	3	0	0	0	0	0	6	1	420	70	73	1200	400
671	"Uruk Elemental Beast"	117	75000	770	800	650	650	1000	320	3	0	2	7	500	1500	0	2	160	33	3	0	0	0	0	0	6	1	440	74	77	1300	415
672	"Uruk Elemental Knight"	119	80000	810	840	680	680	1000	310	3	0	2	7	500	1500	0	2	160	33	3	0	0	0	0	0	6	1	460	78	81	1400	430
678	"Lord Devil Fairy"	120	2000000	2900	3500	1000	1000	1300	300	3	0	2	7	500	1500	0	2	160	33	3	0	254	254	254	254	6	0	350	40	50	400	500
679	"Lord Elemental Beast"	123	1500000	1800	2200	800	800	1000	650	3	0	2	7	500	1500	0	2	160	33	3	0	254	254	254	254	6	1	400	70	80	700	500
680	"Lord Elemental Knight"	127	300000	1200	1700	500	500	1000	310	3	0	2	7	500	1500	0	2	160	33	3	0	254	254	254	254	6	1	450	100	110	800	500
682	"Monica"	2	10	10	10	10	10	10	10	0	0	0	0	0	0	0	0	0	0	0	0	0	0	0	0	0	0	7	0	0	0	0
683	"Marce"	2	10	10	10	10	10	10	10	0	0	0	0	0	0	0	0	0	0	0	0	0	0	0	0	0	0	7	0	0	0	0
684	"Silvia"	2	10	10	10	10	10	10	10	0	0	0	0	0	0	0	0	0	0	0	0	0	0	0	0	0	0	7	0	0	0	0
685	"Izabel"	2	50	15	30	70	70	10	30	0	0	0	5	400	1500	10	0	200	10	0	0	0	0	0	0	0	0	52	0	0	0	0
686	"Sophia (repair)"	20	1000	15	30	70	70	100	30	0	0	0	5	400	1500	10	0	200	10	0	0	0	0	0	0	0	0	52	0	0	0	0
687	"Bolo (repair)"	2	10	10	10	10	10	10	10	0	0	0	0	0	0	0	0	0	0	0	0	0	0	0	0	0	0	7	0	0	0	0
688	"Christine"	2	10	10	10	10	10	10	10	0	0	0	0	0	0	0	0	0	0	0	0	0	0	0	0	0	0	7	0	0	0	0
689	"Flame Trap"	80	1000	5000	6000	1400	1400	6000	4000	0	0	3	4	500	1000	3	1	200	10	0	0	0	0	0	0	0	0	0	0	0	0	0

695	"Levine"	2	10	10	10	10	1	10	10	0	0	0	0	0	0	0	0	0	0	0	0	0	0	0	0	0	0	7	0	0	0	0
696	"Golden Goblin"	60	300000	100	200	200	200	500	300	3	0	1	7	400	1400	3600	2	10	20	0	0	0	254	254	254	254	0	75	0	0	0	0
697	"Golden Goblin"	80	500000	200	400	300	200	500	300	3	0	1	7	400	1400	3600	2	10	20	0	0	0	254	254	254	254	0	75	0	0	0	0
698	"Golden Goblin"	100	1000000	400	600	400	200	500	300	3	0	1	7	400	1400	3600	2	10	20	0	0	0	254	254	254	254	0	75	0	0	0	0
699	"Golden Goblin"	120	2000000	600	800	500	200	500	300	3	0	1	7	400	1400	3600	2	10	20	0	0	0	254	254	254	254	0	75	0	0	0	0
700	"Golden Tantalos"	115	800000	200	300	300	400	1000	300	3	150	2	7	400	1400	0	2	180	60	0	0	254	254	254	254	0	0	225	0	0	0	0
701	"Golden Erohim"	120	1200000	300	400	400	500	1000	300	3	150	6	8	650	1600	0	2	100	100	0	0	175	175	175	175	6	1	7000	500	650	15000	800
702	"Golden Hell Maine"	125	3000000	600	700	700	700	1000	300	6	0	5	10	600	2000	0	2	150	46	0	0	0	254	254	254	254	0	75	0	0	0	0
703	"Golden Kundun"	130	5000000	700	800	800	800	1000	300	5	150	15	10	800	2000	0	2	100	0	0	0	0	254	254	254	254	0	75	0	0	0	0
704	"Evolution Success"	100	10000	0	0	100	100	0	100	0	0	0	0	0	0	0	0	0	0	0	0	0	0	0	0	0	0	7	0	0	0	0
705	"Evolution Failure"	100	10000	0	0	100	100	0	100	0	0	0	0	0	0	0	0	0	0	0	0	0	0	0	0	0	0	7	0	0	0	0
706	"Darkness Transf Ring"	10	10	10	10	10	10	10	10	0	0	0	0	0	0	0	0	0	0	0	0	0	0	0	0	0	0	7	0	0	0	0
707	"Phantom of DarkWizard"	1	60000	1	10000	1000	1000	5000	1000	3	0	15	10	800	2000	0	2	100	0	4	0	254	254	254	254	0	0	1125	0	0	0	0
708	"Paralyze Barrier"	1	60000	1	10000	1000	1000	5000	1000	0	0	3	4	500	1000	0	1	200	10	0	0	0	0	0	0	0	0	0	0	0	0	0
709	"Chaos Goblin"	100	255	0	0	10	10	0	10	4	0	0	5	400	1500	10	2	200	10	0	0	0	0	0	0	0	0	52	0	0	0	0
710	"Chaos Goblin"	100	255	0	0	10	10	0	10	4	0	0	5	400	1500	10	2	200	10	0	0	0	0	0	0	0	0	52	0	0	0	0
711	"Chaos Goblin"	100	255	0	0	10	10	0	10	4	0	0	5	400	1500	10	2	200	10	0	0	0	0	0	0	0	0	52	0	0	0	0
712	"Chaos Goblin"	100	255	0	0	10	10	0	10	4	0	0	5	400	1500	10	2	200	10	0	0	0	0	0	0	0	0	52	0	0	0	0
713	"Nars Devil Fairy"	116	80000	820	855	770	770	1120	410	3	0	2	7	500	1500	0	2	160	33	3	0	0	0	0	0	6	1	520	86	89	1500	500
714	"Nars Elemental Beast"	118	90000	880	910	800	800	1150	420	3	0	2	7	500	1500	0	2	160	33	3	0	0	0	0	0	6	1	540	90	93	1600	515
715	"Nars Elemental Knight"	120	92000	920	950	830	830	1180	430	3	0	2	7	500	1500	0	2	160	33	3	0	0	0	0	0	6	1	560	94	98	1700	530
719	"Messenger Archangel"	2	50	15	30	70	70	10	30	0	0	0	0	0	0	0	0	0	0	0	0	0	0	0	0	0	0	7	0	0	0	0
720	"Charon"	2	50	15	30	70	70	10	30	0	0	0	0	0	0	0	0	0	0	0	0	0	0	0	0	0	0	7	0	0	0	0
721	"Jerint the Assistant"	2	10	10	10	10	10	10	10	0	0	0	0	0	0	0	0	0	0	0	0	0	0	0	0	0	0	7	0	0	0	0
722	"Mirage"	2	10	10	10	10	10	10	10	0	0	0	0	0	0	0	0	0	0	0	0	0	0	0	0	0	0	7	0	0	0	0
723	"Lugard"	2	10	10	10	10	10	10	10	0	0	0	0	0	0	0	0	0	0	0	0	0	0	0	0	0	0	7	0	0	0	0
724	"Chaos Goblin"	2	50	15	30	70	70	10	30	0	0	0	0	0	0	0	0	0	0	0	0	0	0	0	0	0	0	7	0	0	0	0
725	"Priest James"	2	50	15	30	70	70	10	30	0	0	0	0	0	0	0	0	0	0	0	0	0	0	0	0	0	0	7	0	0	0	0
730	"Ferea Knight"	121	105000	1400	1450	1225	1025	1550	575	3	0	2	7	500	1500	0	2	160	33	3	0	0	0	0	0	6	1	520	86	89	1500	500
731	"Ferea Archer"	122	98000	1500	1600	1180	980	1500	570	3	0	2	7	500	1500	0	2	160	33	3	0	0	0	0	0	6	1	540	90	93	1600	515
732	"Ferea Fighter"	123	120000	1250	1300	1355	1055	1450	610	3	0	2	7	500	1500	0	2	160	33	3	0	0	0	0	0	6	1	560	94	98	1700	530
736	"Ferea Knight"	124	135000	1450	1550	1350	1250	1500	700	3	0	2	7	500	1500	0	2	160	33	3	0	0	0	0	0	6	1	520	86	89	1500	500
737	"Ferea Archer"	125	128000	1500	1650	1300	1200	1550	420	3	0	2	7	500	1500	0	2	160	33	3	0	0	0	0	0	6	1	540	90	93	1600	515
738	"Ferea Fighter"	126	160000	1250	1300	1450	1350	1450	430	3	0	2	7	500	1500	0	2	160	33	3	0	0	0	0	0	6	1	560	94	98	1700	530

743	"Paraca"	149	240000	2500	2550	1800	1050	1750	700	3	0	2	7	800	1000	0	2	190	33	3	0	0	0	0	0	6	1	930	111	240	750	1500
744	"Bass"	149	125000	3100	3200	1500	1200	1950	740	3	0	2	7	800	800	0	2	190	33	3	0	0	0	0	0	6	1	960	99	250	775	1500
745	"Vasuki"	149	120000	1500	1600	1400	1500	1850	720	3	0	2	7	800	2000	0	2	190	33	3	0	0	0	0	0	6	1	1200	130	290	790	1500
748	"The Spirit of Nixie"	2	10	10	10	10	10	10	1000000	0	0	0	0	0	0	0	0	0	0	0	0	0	0	0	0	0	0	100000	0	0	0	100000

749	"Elena"	100	10000	0	0	100	100	0	10	0	0	0	0	0	0	0	0	0	0	0	0	0	0	0	0	0	0	0	0	0	0	7
750	"Portal Top"	100	10000	0	0	100	100	0	0	0	0	0	0	0	0	0	2	0	0	0	0	0	0	0	0	0	0	0	0	0	0	0
751	"Portal Bottom"	100	10000	0	0	100	100	0	0	0	0	0	0	0	0	0	2	0	0	0	0	0	0	0	0	0	0	0	0	0	0	0
752	"Portal Left"	100	10000	0	0	100	100	0	0	0	0	0	0	0	0	0	2	0	0	0	0	0	0	0	0	0	0	0	0	0	0	0
753	"Portal Right"	100	10000	0	0	100	100	0	0	0	0	0	0	0	0	0	2	0	0	0	0	0	0	0	0	0	0	0	0	0	0	0
754	"Great Sword of Kundun"	149	80	4	5	7	1000	9999	100	3	17	2	5	500	1500	0	1	100	20	3	0	27	27	27	27	0	0	0	0	0	0	587
755	"Soldier of Kundun"	149	65	4	5	7	1000	9999	100	3	17	6	7	500	1500	0	1	100	20	3	0	28	28	28	28	0	0	0	0	0	0	648
756	"Lancer of Kundun"	149	70	4	5	7	1000	9999	100	3	17	6	7	500	1600	0	1	100	20	4	0	29	29	29	29	0	0	0	0	0	0	744
757	"Ruler of Kundun"	105	600	80	85	45	45	1000	100	3	150	10	7	800	1700	10800	1	100	20	4	0	60	60	60	60	0	0	0	0	0	0	669
758	"Portal of Dimension"	100	10000	0	0	100	100	0	100	3	0	0	1	100	0	0	1	200	10	0	0	254	254	254	254	0	0	0	0	0	0	75
763	"Cent(Monster)"	149	900000	1000	1000	1000	0	1000	1000	6	0	6	10	400	2200	0	2	150	46	3	0	23	254	23	23	0	0	675	0	0	0	0
764	"Cent(Town)"	2	10	10	10	10	1	10	10	0	0	0	0	0	0	0	0	0	0	0	0	0	0	0	0	0	0	7	0	0	0	0
765	"Cent(Entrance)"	2	10	10	10	10	1	10	10	0	0	0	0	0	0	0	0	0	0	0	0	0	0	0	0	0	0	7	0	0	0	0
766	"Cent(Quest)"	2	10	10	10	10	1	10	10	0	0	0	0	0	0	0	0	0	0	0	0	0	0	0	0	0	0	7	0	0	0	0
767	"Dp Dung Skel Warrior"	149	195000	2000	2200	1710	0	2650	920	3	0	2	3	400	2000	0	2	190	46	3	0	23	25	23	23	6	1	1500	1050	1260	2600	1500
768	"Dp Dung Chief Ske Arc"	149	610000	3650	3770	2200	0	3400	1100	3	0	5	7	400	1600	0	2	190	46	3	0	23	25	23	23	6	1	1500	1450	1700	3150	1260
769	"Dp Dung Elite Ske War"	149	800000	4000	4200	2600	0	3550	1450	3	0	5	7	400	1600	0	2	190	46	3	0	23	25	23	23	6	1	1500	1580	1720	3330	1480
770	"Dp Dung Larva"	149	195000	2200	2350	1710	0	2700	880	3	0	2	4	400	1800	0	2	190	46	3	0	23	25	23	23	6	1	1500	1200	1440	2700	790
771	"Dp Dung Cyclops"	149	375000	2880	3150	1850	0	2680	900	3	0	2	4	400	1600	0	2	190	46	3	0	23	25	23	23	6	1	1500	1090	1230	2640	830
772	"Dp Dung Ghost"	149	375000	2880	3150	1850	0	2850	990	3	0	2	5	400	1400	0	2	200	46	3	0	23	25	23	23	6	1	1500	1300	1510	2900	1000
773	"Dp Dung Hell Hound"	149	610000	3650	3770	2200	0	2800	1020	3	0	2	4	400	1200	0	2	160	46	3	0	23	25	23	23	6	1	1500	1270	1470	2870	1050
774	"Dp Dung Hell Spider"	149	800000	4000	4200	2600	0	3100	1260	3	0	4	7	400	1600	0	2	150	46	3	0	23	25	23	23	6	1	1500	1390	1650	3000	1300
775	"Dp Dung Thunder Lich"	149	1000000	4600	4700	2900	0	3650	1300	3	0	4	7	400	2200	0	2	130	46	3	0	23	25	23	23	6	1	1500	1700	1880	3400	1500
776	"Dp Dung Pois Bull Fig"	149	1000000	4600	4700	2900	0	3800	1600	3	0	2	5	400	1400	0	2	150	46	3	0	23	25	23	23	6	1	1500	1700	1850	3500	1500
777	"Dp Dung Dark Knight"	149	1000000	4600	4700	2900	0	3860	1550	3	0	2	5	400	1400	0	2	150	46	3	0	23	25	23	23	6	0	1500	1820	1960	3650	1500
779	"Blood Soldier"	117	97300	805	845	660	0	920	345	3	0	6	7	500	1500	0	2	120	46	3	0	23	25	23	23	0	0	0	0	0	0	495
780	"Necron"	125	125000	951	996	783	0	1015	405	3	0	3	5	500	1500	0	2	100	46	3	0	23	25	23	23	0	0	0	0	0	0	587
781	"Balram"	134	90000	600	700	500	0	1500	82	6	0	7	7	700	1700	0	2	120	46	3	0	23	25	23	23	0	0	0	0	0	0	375
782	"Soram"	134	100000	600	700	500	0	1500	345	6	0	4	7	700	1700	0	2	120	46	3	0	23	25	23	23	0	0	0	0	0	0	375
783	"Sapi Queen"	131	218000	1441	2017	670	0	1847	405	4	0	3	9	700	2550	0	2	110	46	3	0	23	25	23	23	0	0	0	0	0	0	502
784	"Ice Napin"	135	230000	1585	2060	730	0	1544	370	4	0	3	9	700	2500	0	2	100	46	3	0	23	25	23	23	0	0	0	0	0	0	547

786	"Swarmface"	149	218000	1441	2017	670	0	1847	875	4	0	4	9	700	2550	0	2	190	46	4	0	23	25	23	23	0	0	0	0	0	0	502
787	"Wooden Beast"	149	230000	1585	2060	730	0	1544	903	4	0	4	9	700	2500	0	2	190	46	3	0	23	25	23	23	0	0	0	0	0	0	547
788	"Swamp Wizard"	149	242000	1743	2092	700	0	1646	990	4	0	4	9	700	2500	0	2	160	46	4	0	23	25	23	23	0	0	0	0	0	0	525
789	"Mutton Tile"	149	385000	1917	2301	740	0	1140	1135	4	0	4	9	700	2000	0	2	250	46	6	0	23	25	23	23	0	0	0	0	0	0	555
end