40	1	2	6780	508	75	0	1	1	1	0	0	0	0	0	0	0	1	2	3	0	0	0	0	0	0	0
40	13	1743	7297	508	300	0	580	0	0	0	0	0	0	0	0	0	2173	0	0	0	0	0	0	0	0	0
40	15	1770	6808	508	1	0	598	0	0	0	0	0	0	0	0	0	2265	0	0	0	0	0	0	0	0	0
40	16	1771	6809	508	1	0	599	0	0	0	0	0	0	0	0	0	2266	0	0	0	0	0	0	0	0	0
40	17	1772	6810	508	1	0	600	0	0	0	0	0	0	0	0	0	2267	0	0	0	0	0	0	0	0	0
40	18	1773	6811	508	1	0	601	0	0	0	0	0	0	0	0	0	2268	0	0	0	0	0	0	0	0	0
40	7	6	7221	508	2	0	5	0	0	0	0	0	0	0	0	0	7	0	0	0	0	0	0	0	0	0
40	8	7	7264	508	2	0	6	0	0	0	0	0	0	0	0	0	8	0	0	0	0	0	0	0	0	0
40	9	8	7358	508	2	0	7	0	0	0	0	0	0	0	0	0	9	0	0	0	0	0	0	0	0	0
40	10	9	7357	508	2	0	8	0	0	0	0	0	0	0	0	0	10	0	0	0	0	0	0	0	0	0
42	1	11	6699	508	3	0	10	10	10	10	10	10	0	0	0	0	12	13	14	15	16	17	0	0	0	0
42	2	12	6700	508	5	0	11	11	11	11	11	11	0	0	0	0	18	19	20	21	22	35	0	0	0	0
42	3	13	6718	508	3	0	12	12	12	12	12	12	0	0	0	0	23	24	25	26	27	28	0	0	0	0
42	1	15	6759	508	5	0	14	14	14	14	14	14	0	0	0	0	36	37	38	39	40	41	0	0	0	0
43	1	16	6720	508	7	0	15	15	15	15	15	15	0	0	0	0	42	43	44	45	46	47	0	0	0	0
43	2	17	6721	508	5	0	16	16	16	16	16	16	0	0	0	0	48	49	50	51	52	53	0	0	0	0
43	3	18	6736	508	5	0	17	17	17	17	17	17	0	0	0	0	54	55	56	57	58	59	0	0	0	0
43	4	19	6779	508	5	0	18	18	18	18	18	18	0	0	0	0	60	61	62	63	64	65	0	0	0	0
44	23	1741	7299	508	200	0	579	0	0	0	0	0	0	0	0	0	2172	0	0	0	0	0	0	0	0	0
44	14	1732	7299	508	20	0	570	570	570	570	570	570	0	0	0	0	2118	2119	2120	2121	2122	2123	0	0	0	0
44	15	1733	7299	508	20	0	571	571	571	571	571	571	0	0	0	0	2124	2125	2126	2127	2128	2129	0	0	0	0
44	16	1734	7299	508	20	0	572	572	572	572	572	572	0	0	0	0	2130	2131	2132	2133	2134	2135	0	0	0	0
44	18	1736	7299	508	20	0	574	574	574	574	574	574	0	0	0	0	2142	2143	2144	2145	2146	2147	0	0	0	0
44	19	1737	7398	508	20	0	575	575	575	575	575	575	0	0	0	0	2148	2149	2150	2151	2152	2153	0	0	0	0
44	1	22	7240	508	4	0	21	21	21	21	21	21	0	0	0	0	68	69	70	71	72	73	0	0	0	0
44	2	23	7241	508	4	0	22	22	22	22	22	22	0	0	0	0	74	75	76	77	78	79	0	0	0	0
44	3	24	7245	508	4	0	23	23	23	23	23	23	0	0	0	0	80	81	82	83	84	85	0	0	0	0
45	1	25	6703	508	5	0	24	0	0	0	0	0	0	0	0	0	86	0	0	0	0	0	0	0	0	0
45	2	26	6702	508	5	0	25	0	0	0	0	0	0	0	0	0	87	0	0	0	0	0	0	0	0	0
45	3	27	6704	508	5	0	26	0	0	0	0	0	0	0	0	0	88	0	0	0	0	0	0	0	0	0
45	4	28	7270	508	2	0	27	0	0	0	0	0	0	0	0	0	89	0	0	0	0	0	0	0	0	0
41	1	29	6732	508	4	0	28	28	28	28	28	28	0	0	0	0	90	91	92	93	94	95	0	0	0	0
41	2	30	6733	508	5	0	29	29	29	29	29	29	0	0	0	0	96	97	98	99	100	101	0	0	0	0
41	3	31	6778	508	5	0	30	30	30	30	30	30	0	0	0	0	102	103	104	105	106	107	0	0	0	0
48	4	32	6829	508	10	0	31	0	0	0	0	0	0	0	0	0	108	0	0	0	0	0	0	0	0	0
48	5	1760	6827	508	10	0	589	0	0	0	0	0	0	0	0	0	2236	0	0	0	0	0	0	0	0	0
48	6	1761	6828	508	10	0	590	0	0	0	0	0	0	0	0	0	2237	0	0	0	0	0	0	0	0	0
48	7	1762	6831	508	10	0	591	0	0	0	0	0	0	0	0	0	2238	0	0	0	0	0	0	0	0	0
48	8	1763	6832	508	10	0	592	0	0	0	0	0	0	0	0	0	2239	0	0	0	0	0	0	0	0	0
46	1	33	7679	508	100	0	32	32	32	0	0	0	0	0	0	0	109	110	111	0	0	0	0	0	0	0
46	14	1288	7666	508	6	0	298	298	298	298	298	298	298	298	0	0	516	517	518	1693	1694	1695	1696	1697	0	0
46	2	36	7678	508	14	0	33	33	33	33	33	0	0	0	0	0	112	1691	1692	1698	1699	0	0	0	0	0
46	3	37	7677	508	28	0	34	34	34	34	34	0	0	0	0	0	113	1954	1955	1956	1957	0	0	0	0	0
46	4	38	7676	508	10	0	35	35	35	35	35	0	0	0	0	0	114	1700	1701	1702	1703	0	0	0	0	0
46	7	40	7673	508	7	0	38	38	38	38	38	38	0	0	0	0	117	1704	1705	1706	1707	1708	0	0	0	0
46	8	41	7672	508	15	0	39	0	0	0	0	0	0	0	0	0	118	0	0	0	0	0	0	0	0	0
46	9	42	7671	508	15	0	40	0	0	0	0	0	0	0	0	0	119	0	0	0	0	0	0	0	0	0
46	13	46	7667	508	4	0	44	0	0	0	0	0	0	0	0	0	123	0	0	0	0	0	0	0	0	0
//43	5	47	6693	508	33	0	45	45	45	45	0	0	0	0	0	0	124	125	126	127	0	0	0	0	0	0
47	7	1699	7524	508	300	0	538	0	0	0	0	0	0	0	0	0	1952	0	0	0	0	0	0	0	0	0
47	1	50	7455	508	150	0	47	0	0	0	0	0	0	0	0	0	129	0	0	0	0	0	0	0	0	0
47	2	51	7456	508	90	0	48	0	0	0	0	0	0	0	0	0	130	0	0	0	0	0	0	0	0	0
47	3	52	7457	508	55	0	49	0	0	0	0	0	0	0	0	0	131	0	0	0	0	0	0	0	0	0
47	4	53	7504	508	20	0	50	0	0	0	0	0	0	0	0	0	132	0	0	0	0	0	0	0	0	0
47	5	54	7520	508	3	0	51	0	0	0	0	0	0	0	0	0	133	0	0	0	0	0	0	0	0	0
99	6	1005	7282	509	200	0	1004	0	0	0	0	0	0	0	0	0	1006	0	0	0	0	0	0	0	0	0
50	7	1006	7221	509	200	0	1005	0	0	0	0	0	0	0	0	0	1007	0	0	0	0	0	0	0	0	0
50	8	1007	7264	509	200	0	1006	0	0	0	0	0	0	0	0	0	1008	0	0	0	0	0	0	0	0	0
99	9	1008	7358	509	200	0	1007	0	0	0	0	0	0	0	0	0	1009	0	0	0	0	0	0	0	0	0
99	10	1009	7357	509	200	0	1008	0	0	0	0	0	0	0	0	0	1010	0	0	0	0	0	0	0	0	0
52	1	1011	6699	509	250	0	1010	1010	1010	1010	1010	1010	0	0	0	0	1012	1013	1014	1015	1016	1017	0	0	0	0
52	2	1012	6700	509	250	0	1011	1011	1011	1011	1011	1011	0	0	0	0	1018	1019	1020	1021	1022	1035	0	0	0	0
99	3	1013	6718	509	250	0	1012	1012	1012	1012	1012	1012	0	0	0	0	1023	1024	1025	1026	1027	1028	0	0	0	0
99	4	1014	6719	509	250	0	1013	1013	1013	1013	1013	1013	0	0	0	0	1029	1030	1031	1032	1033	1034	0	0	0	0
99	1	1015	6759	509	250	0	1014	1014	1014	1014	1014	1014	0	0	0	0	1036	1037	1038	1039	1040	1041	0	0	0	0
53	1	1016	6720	509	100	0	1015	1015	1015	1015	1015	1015	0	0	0	0	1042	1043	1044	1045	1046	1047	0	0	0	0
53	2	1017	6721	509	100	0	1016	1016	1016	1016	1016	1016	0	0	0	0	1048	1049	1050	1051	1052	1053	0	0	0	0
53	3	1018	6736	509	100	0	1017	1017	1017	1017	1017	1017	0	0	0	0	1054	1055	1056	1057	1058	1059	0	0	0	0
53	4	1019	6779	509	150	0	1018	1018	1018	1018	1018	1018	0	0	0	0	1060	1061	1062	1063	1064	1065	0	0	0	0
55	1	1025	6703	509	1000	0	1024	0	0	0	0	0	0	0	0	0	1086	0	0	0	0	0	0	0	0	0
55	2	1026	6702	509	1000	0	1025	0	0	0	0	0	0	0	0	0	1087	0	0	0	0	0	0	0	0	0
55	3	1027	6704	509	1000	0	1026	0	0	0	0	0	0	0	0	0	1088	0	0	0	0	0	0	0	0	0
55	4	1028	7270	509	1000	0	1027	0	0	0	0	0	0	0	0	0	1089	0	0	0	0	0	0	0	0	0
51	1	1029	6732	509	40	0	1028	1028	1028	1028	1028	1028	0	0	0	0	1090	1091	1092	1093	1094	1095	0	0	0	0
99	2	1030	6733	509	50	0	1029	1029	1029	1029	1029	1029	0	0	0	0	1096	1097	1098	1099	1100	1101	0	0	0	0
51	3	1031	6778	509	50	0	1030	1030	1030	1030	1030	1030	0	0	0	0	1102	1103	1104	1105	1106	1107	0	0	0	0
99	4	1032	6829	509	3500	0	1031	0	0	0	0	0	0	0	0	0	1108	0	0	0	0	0	0	0	0	0
99	5	1047	6693	509	3000	0	1045	1045	1045	1045	0	0	0	0	0	0	1124	1125	1126	1127	0	0	0	0	0	0
99	3	1052	7457	509	50000	0	1049	0	0	0	0	0	0	0	0	0	1131	0	0	0	0	0	0	0	0	0
99	4	1053	7504	509	10000	0	1050	0	0	0	0	0	0	0	0	0	1132	0	0	0	0	0	0	0	0	0
99	5	1054	7520	509	1000	0	1051	0	0	0	0	0	0	0	0	0	1133	0	0	0	0	0	0	0	0	0
33	6	1055	6558	508	300	0	52	0	0	0	0	0	0	0	0	0	134	0	0	0	0	0	0	0	0	0
33	7	1056	6559	508	350	0	53	0	0	0	0	0	0	0	0	0	135	0	0	0	0	0	0	0	0	0
33	8	1057	6560	508	300	0	54	0	0	0	0	0	0	0	0	0	136	0	0	0	0	0	0	0	0	0
33	9	1058	6561	508	350	0	55	0	0	0	0	0	0	0	0	0	137	0	0	0	0	0	0	0	0	0
33	10	1059	6562	508	320	0	56	0	0	0	0	0	0	0	0	0	138	0	0	0	0	0	0	0	0	0
33	11	1060	6563	508	310	0	57	0	0	0	0	0	0	0	0	0	139	0	0	0	0	0	0	0	0	0
33	12	1061	6564	508	320	0	58	0	0	0	0	0	0	0	0	0	140	0	0	0	0	0	0	0	0	0
33	13	1062	6565	508	300	0	59	0	0	0	0	0	0	0	0	0	141	0	0	0	0	0	0	0	0	0
32	1	1063	6180	508	100	0	60	0	0	0	0	0	0	0	0	0	142	0	0	0	0	0	0	0	0	0
32	2	1064	6181	508	80	0	61	0	0	0	0	0	0	0	0	0	143	0	0	0	0	0	0	0	0	0
32	3	1065	6182	508	50	0	62	0	0	0	0	0	0	0	0	0	144	0	0	0	0	0	0	0	0	0
32	4	1066	6183	508	100	0	63	0	0	0	0	0	0	0	0	0	145	0	0	0	0	0	0	0	0	0
32	5	1067	6184	508	90	0	64	0	0	0	0	0	0	0	0	0	146	0	0	0	0	0	0	0	0	0
32	6	1068	6187	508	60	0	65	0	0	0	0	0	0	0	0	0	147	0	0	0	0	0	0	0	0	0
32	7	1069	6194	508	90	0	66	0	0	0	0	0	0	0	0	0	148	0	0	0	0	0	0	0	0	0
32	8	1070	6414	508	60	0	67	0	0	0	0	0	0	0	0	0	149	0	0	0	0	0	0	0	0	0
20	1	80	22	508	20	0	107	0	0	0	0	0	0	0	0	0	188	0	0	0	0	0	0	0	0	0
20	2	81	23	508	20	0	108	0	0	0	0	0	0	0	0	0	189	0	0	0	0	0	0	0	0	0
22	1	82	1038	508	20	0	109	0	0	0	0	0	0	0	0	0	190	0	0	0	0	0	0	0	0	0
23	3	84	1551	508	20	0	110	0	0	0	0	0	0	0	0	0	191	0	0	0	0	0	0	0	0	0
24	1	85	2069	508	20	0	111	0	0	0	0	0	0	0	0	0	192	0	0	0	0	0	0	0	0	0
26	1	86	2572	508	20	0	112	0	0	0	0	0	0	0	0	0	193	0	0	0	0	0	0	0	0	0
27	1	87	2579	508	20	0	113	0	0	0	0	0	0	0	0	0	194	0	0	0	0	0	0	0	0	0
25	1	88	35	508	15	0	114	0	0	0	0	0	0	0	0	0	195	0	0	0	0	0	0	0	0	0
28	1	89	3085	508	10	0	115	0	0	0	0	0	0	0	0	0	196	0	0	0	0	0	0	0	0	0
28	2	90	3083	508	10	0	116	0	0	0	0	0	0	0	0	0	197	0	0	0	0	0	0	0	0	0
48	1	1091	6664	508	4	0	117	117	117	117	117	117	0	0	0	0	198	199	200	201	202	203	0	0	0	0
48	2	1092	6668	508	4	0	118	118	118	118	118	118	0	0	0	0	204	205	206	207	208	209	0	0	0	0
14	17	101	4125	508	30	0	84	84	84	84	84	0	0	0	0	0	250	249	251	252	253	0	0	0	0	0
14	18	102	4126	508	30	0	85	85	85	85	85	0	0	0	0	0	255	254	256	257	258	0	0	0	0	0
14	19	103	4127	508	30	0	86	86	86	86	86	0	0	0	0	0	260	259	261	262	263	0	0	0	0	0
14	20	104	4128	508	30	0	87	87	87	87	0	0	0	0	0	0	264	265	266	267	0	0	0	0	0	0
14	21	105	4129	508	30	0	88	88	88	88	88	0	0	0	0	0	269	268	270	271	272	0	0	0	0	0
14	22	106	4139	508	30	0	89	89	89	89	89	0	0	0	0	0	274	273	275	276	277	0	0	0	0	0
14	23	107	4169	508	30	0	90	90	90	90	0	0	0	0	0	0	279	278	280	281	0	0	0	0	0	0
59	17	1101	4125	509	2000	0	1084	1084	1084	1084	1084	0	0	0	0	0	1250	1249	1251	1252	1253	0	0	0	0	0
59	18	1102	4126	509	2000	0	1085	1085	1085	1085	1085	0	0	0	0	0	1255	1254	1256	1257	1258	0	0	0	0	0
59	19	1103	4127	509	2000	0	1086	1086	1086	1086	1086	0	0	0	0	0	1260	1259	1261	1262	1263	0	0	0	0	0
59	20	1104	4128	509	2000	0	1087	1087	1087	1087	0	0	0	0	0	0	1264	1265	1266	1267	0	0	0	0	0	0
59	21	1105	4129	509	2000	0	1088	1088	1088	1088	1088	0	0	0	0	0	1269	1268	1270	1271	1272	0	0	0	0	0
59	22	1106	4139	509	2000	0	1089	1089	1089	1089	1089	0	0	0	0	0	1274	1273	1275	1276	1277	0	0	0	0	0
59	23	1107	4169	509	2000	0	1090	1090	1090	1090	0	0	0	0	0	0	1279	1278	1280	1281	0	0	0	0	0	0
56	1	1080	22	509	2000	0	1107	0	0	0	0	0	0	0	0	0	1188	0	0	0	0	0	0	0	0	0
56	2	1081	23	509	2000	0	1108	0	0	0	0	0	0	0	0	0	1189	0	0	0	0	0	0	0	0	0
56	1	1082	1038	509	2000	0	1109	0	0	0	0	0	0	0	0	0	1190	0	0	0	0	0	0	0	0	0
56	3	1084	1551	509	2000	0	1110	0	0	0	0	0	0	0	0	0	1191	0	0	0	0	0	0	0	0	0
56	1	1085	2069	509	2000	0	1111	0	0	0	0	0	0	0	0	0	1192	0	0	0	0	0	0	0	0	0
56	1	1086	2572	509	2000	0	1112	0	0	0	0	0	0	0	0	0	1193	0	0	0	0	0	0	0	0	0
56	1	1087	2579	509	2000	0	1113	0	0	0	0	0	0	0	0	0	1194	0	0	0	0	0	0	0	0	0
56	1	1088	35	509	2000	0	1114	0	0	0	0	0	0	0	0	0	1195	0	0	0	0	0	0	0	0	0
17	1	1108	3585	508	105	0	119	119	119	119	0	0	0	0	0	0	282	283	284	285	0	0	0	0	0	0
60	1	1109	6180	509	5000	0	1060	0	0	0	0	0	0	0	0	0	1142	0	0	0	0	0	0	0	0	0
60	2	1110	6181	509	5000	0	1061	0	0	0	0	0	0	0	0	0	1143	0	0	0	0	0	0	0	0	0
60	3	1111	6182	509	5000	0	1062	0	0	0	0	0	0	0	0	0	1144	0	0	0	0	0	0	0	0	0
60	4	1112	6183	509	5000	0	1063	0	0	0	0	0	0	0	0	0	1145	0	0	0	0	0	0	0	0	0
60	5	1113	6184	509	5000	0	1064	0	0	0	0	0	0	0	0	0	1146	0	0	0	0	0	0	0	0	0
60	6	1114	6187	509	5000	0	1065	0	0	0	0	0	0	0	0	0	1147	0	0	0	0	0	0	0	0	0
60	7	1115	6194	509	5000	0	1066	0	0	0	0	0	0	0	0	0	1148	0	0	0	0	0	0	0	0	0
60	8	1116	6414	509	5000	0	1067	0	0	0	0	0	0	0	0	0	1149	0	0	0	0	0	0	0	0	0
27	2	1117	2581	508	20	0	120	120	120	0	0	0	0	0	0	0	286	287	289	0	0	0	0	0	0	0
28	3	1118	3087	508	10	0	121	0	0	0	0	0	0	0	0	0	290	0	0	0	0	0	0	0	0	0
28	4	1119	3104	508	10	0	122	0	0	0	0	0	0	0	0	0	291	0	0	0	0	0	0	0	0	0
20	3	1289	0	508	10	0	123	0	0	0	0	0	0	0	0	0	292	0	0	0	0	0	0	0	0	0
20	4	1290	1	508	10	0	124	0	0	0	0	0	0	0	0	0	293	0	0	0	0	0	0	0	0	0
20	5	1291	2	508	10	0	125	0	0	0	0	0	0	0	0	0	294	0	0	0	0	0	0	0	0	0
20	6	1292	3	508	10	0	125	0	0	0	0	0	0	0	0	0	295	0	0	0	0	0	0	0	0	0
20	7	1293	4	508	10	0	126	0	0	0	0	0	0	0	0	0	296	0	0	0	0	0	0	0	0	0
20	8	1294	5	508	10	0	127	0	0	0	0	0	0	0	0	0	297	0	0	0	0	0	0	0	0	0
20	9	1295	6	508	10	0	128	0	0	0	0	0	0	0	0	0	298	0	0	0	0	0	0	0	0	0
20	10	1296	7	508	10	0	129	0	0	0	0	0	0	0	0	0	299	0	0	0	0	0	0	0	0	0
20	11	1297	8	508	10	0	130	0	0	0	0	0	0	0	0	0	300	0	0	0	0	0	0	0	0	0
20	12	1298	9	508	10	0	131	0	0	0	0	0	0	0	0	0	301	0	0	0	0	0	0	0	0	0
20	13	1299	10	508	10	0	132	0	0	0	0	0	0	0	0	0	302	0	0	0	0	0	0	0	0	0
20	14	1300	11	508	10	0	133	0	0	0	0	0	0	0	0	0	303	0	0	0	0	0	0	0	0	0
20	15	1301	12	508	10	0	134	0	0	0	0	0	0	0	0	0	304	0	0	0	0	0	0	0	0	0
20	16	1302	13	508	10	0	135	0	0	0	0	0	0	0	0	0	305	0	0	0	0	0	0	0	0	0
20	17	1303	14	508	10	0	136	0	0	0	0	0	0	0	0	0	306	0	0	0	0	0	0	0	0	0
20	18	1304	15	508	10	0	137	0	0	0	0	0	0	0	0	0	307	0	0	0	0	0	0	0	0	0
20	19	1305	16	508	10	0	138	0	0	0	0	0	0	0	0	0	308	0	0	0	0	0	0	0	0	0
20	20	1306	17	508	10	0	139	0	0	0	0	0	0	0	0	0	309	0	0	0	0	0	0	0	0	0
20	21	1307	18	508	10	0	140	0	0	0	0	0	0	0	0	0	310	0	0	0	0	0	0	0	0	0
20	22	1308	20	508	10	0	141	0	0	0	0	0	0	0	0	0	311	0	0	0	0	0	0	0	0	0
20	23	1309	21	508	10	0	142	0	0	0	0	0	0	0	0	0	312	0	0	0	0	0	0	0	0	0
20	24	1310	24	508	10	0	143	0	0	0	0	0	0	0	0	0	313	0	0	0	0	0	0	0	0	0
20	25	1311	25	508	10	0	144	0	0	0	0	0	0	0	0	0	314	0	0	0	0	0	0	0	0	0
20	26	1312	26	508	10	0	145	0	0	0	0	0	0	0	0	0	315	0	0	0	0	0	0	0	0	0
20	27	1313	27	508	10	0	146	0	0	0	0	0	0	0	0	0	316	0	0	0	0	0	0	0	0	0
20	28	1314	28	508	10	0	147	0	0	0	0	0	0	0	0	0	317	0	0	0	0	0	0	0	0	0
21	1	1315	512	508	10	0	148	0	0	0	0	0	0	0	0	0	318	0	0	0	0	0	0	0	0	0
21	2	1316	513	508	10	0	149	0	0	0	0	0	0	0	0	0	319	0	0	0	0	0	0	0	0	0
21	3	1317	514	508	10	0	150	0	0	0	0	0	0	0	0	0	320	0	0	0	0	0	0	0	0	0
21	4	1318	515	508	10	0	151	0	0	0	0	0	0	0	0	0	321	0	0	0	0	0	0	0	0	0
21	5	1319	516	508	10	0	152	0	0	0	0	0	0	0	0	0	322	0	0	0	0	0	0	0	0	0
21	6	1320	517	508	10	0	153	0	0	0	0	0	0	0	0	0	323	0	0	0	0	0	0	0	0	0
21	7	1321	518	508	10	0	154	0	0	0	0	0	0	0	0	0	324	0	0	0	0	0	0	0	0	0
21	8	1322	519	508	10	0	155	0	0	0	0	0	0	0	0	0	325	0	0	0	0	0	0	0	0	0
21	9	1323	520	508	10	0	156	0	0	0	0	0	0	0	0	0	326	0	0	0	0	0	0	0	0	0
21	10	1324	1024	508	10	0	157	0	0	0	0	0	0	0	0	0	327	0	0	0	0	0	0	0	0	0
21	11	1325	1025	508	10	0	158	0	0	0	0	0	0	0	0	0	328	0	0	0	0	0	0	0	0	0
21	12	1326	1026	508	10	0	159	0	0	0	0	0	0	0	0	0	329	0	0	0	0	0	0	0	0	0
21	13	1327	1027	508	10	0	160	0	0	0	0	0	0	0	0	0	330	0	0	0	0	0	0	0	0	0
21	14	1328	1028	508	10	0	161	0	0	0	0	0	0	0	0	0	331	0	0	0	0	0	0	0	0	0
21	15	1329	1029	508	10	0	162	0	0	0	0	0	0	0	0	0	332	0	0	0	0	0	0	0	0	0
21	16	1330	1030	508	10	0	163	0	0	0	0	0	0	0	0	0	333	0	0	0	0	0	0	0	0	0
21	17	1331	1031	508	10	0	164	0	0	0	0	0	0	0	0	0	334	0	0	0	0	0	0	0	0	0
22	2	1332	1032	508	10	0	165	0	0	0	0	0	0	0	0	0	335	0	0	0	0	0	0	0	0	0
22	3	1333	1033	508	10	0	166	0	0	0	0	0	0	0	0	0	336	0	0	0	0	0	0	0	0	0
22	4	1334	1034	508	10	0	167	0	0	0	0	0	0	0	0	0	337	0	0	0	0	0	0	0	0	0
22	5	1335	1035	508	10	0	168	0	0	0	0	0	0	0	0	0	338	0	0	0	0	0	0	0	0	0
22	6	1336	1036	508	10	0	169	0	0	0	0	0	0	0	0	0	339	0	0	0	0	0	0	0	0	0
22	7	1337	1039	508	10	0	170	0	0	0	0	0	0	0	0	0	340	0	0	0	0	0	0	0	0	0
21	18	1338	1040	508	10	0	171	0	0	0	0	0	0	0	0	0	341	0	0	0	0	0	0	0	0	0
22	8	1339	1041	508	10	0	172	0	0	0	0	0	0	0	0	0	342	0	0	0	0	0	0	0	0	0
21	19	1340	1536	508	10	0	173	0	0	0	0	0	0	0	0	0	343	0	0	0	0	0	0	0	0	0
21	20	1341	1537	508	10	0	174	0	0	0	0	0	0	0	0	0	344	0	0	0	0	0	0	0	0	0
23	4	1342	1538	508	10	0	175	0	0	0	0	0	0	0	0	0	345	0	0	0	0	0	0	0	0	0
23	5	1343	1539	508	10	0	176	0	0	0	0	0	0	0	0	0	346	0	0	0	0	0	0	0	0	0
21	21	1344	1540	508	10	0	177	0	0	0	0	0	0	0	0	0	347	0	0	0	0	0	0	0	0	0
21	22	1345	1541	508	10	0	178	0	0	0	0	0	0	0	0	0	348	0	0	0	0	0	0	0	0	0
21	23	1346	1542	508	10	0	179	0	0	0	0	0	0	0	0	0	349	0	0	0	0	0	0	0	0	0
21	24	1347	1543	508	10	0	180	0	0	0	0	0	0	0	0	0	350	0	0	0	0	0	0	0	0	0
21	25	1348	1544	508	10	0	181	0	0	0	0	0	0	0	0	0	351	0	0	0	0	0	0	0	0	0
21	26	1349	1545	508	10	0	182	0	0	0	0	0	0	0	0	0	352	0	0	0	0	0	0	0	0	0
21	27	1350	1546	508	10	0	183	0	0	0	0	0	0	0	0	0	353	0	0	0	0	0	0	0	0	0
24	2	1351	2048	508	10	0	184	0	0	0	0	0	0	0	0	0	354	0	0	0	0	0	0	0	0	0
24	3	1352	2049	508	10	0	185	0	0	0	0	0	0	0	0	0	355	0	0	0	0	0	0	0	0	0
24	4	1353	2050	508	10	0	186	0	0	0	0	0	0	0	0	0	356	0	0	0	0	0	0	0	0	0
24	5	1354	2051	508	10	0	187	0	0	0	0	0	0	0	0	0	357	0	0	0	0	0	0	0	0	0
24	6	1355	2052	508	10	0	188	0	0	0	0	0	0	0	0	0	358	0	0	0	0	0	0	0	0	0
24	7	1356	2053	508	10	0	189	0	0	0	0	0	0	0	0	0	359	0	0	0	0	0	0	0	0	0
24	8	1357	2054	508	10	0	190	0	0	0	0	0	0	0	0	0	360	0	0	0	0	0	0	0	0	0
24	9	1358	2056	508	10	0	191	0	0	0	0	0	0	0	0	0	361	0	0	0	0	0	0	0	0	0
24	10	1359	2057	508	10	0	192	0	0	0	0	0	0	0	0	0	362	0	0	0	0	0	0	0	0	0
24	11	1360	2058	508	10	0	193	0	0	0	0	0	0	0	0	0	363	0	0	0	0	0	0	0	0	0
24	12	1361	2059	508	10	0	194	0	0	0	0	0	0	0	0	0	364	0	0	0	0	0	0	0	0	0
24	13	1362	2060	508	10	0	195	0	0	0	0	0	0	0	0	0	365	0	0	0	0	0	0	0	0	0
24	14	1363	2061	508	10	0	196	0	0	0	0	0	0	0	0	0	366	0	0	0	0	0	0	0	0	0
24	15	1364	2062	508	10	0	197	0	0	0	0	0	0	0	0	0	367	0	0	0	0	0	0	0	0	0
24	16	1365	2064	508	10	0	198	0	0	0	0	0	0	0	0	0	368	0	0	0	0	0	0	0	0	0
24	17	1366	2065	508	10	0	199	0	0	0	0	0	0	0	0	0	369	0	0	0	0	0	0	0	0	0
24	18	1367	2067	508	10	0	201	0	0	0	0	0	0	0	0	0	371	0	0	0	0	0	0	0	0	0
24	19	1368	2068	508	10	0	202	0	0	0	0	0	0	0	0	0	372	0	0	0	0	0	0	0	0	0
24	20	1369	2070	508	10	0	203	0	0	0	0	0	0	0	0	0	373	0	0	0	0	0	0	0	0	0
24	21	1370	2071	508	10	0	204	0	0	0	0	0	0	0	0	0	374	0	0	0	0	0	0	0	0	0
26	2	1371	2560	508	10	0	205	0	0	0	0	0	0	0	0	0	375	0	0	0	0	0	0	0	0	0
26	3	1372	2561	508	10	0	206	0	0	0	0	0	0	0	0	0	376	0	0	0	0	0	0	0	0	0
26	4	1373	2562	508	10	0	207	0	0	0	0	0	0	0	0	0	377	0	0	0	0	0	0	0	0	0
26	5	1374	2563	508	10	0	208	0	0	0	0	0	0	0	0	0	378	0	0	0	0	0	0	0	0	0
26	6	1375	2564	508	10	0	209	0	0	0	0	0	0	0	0	0	379	0	0	0	0	0	0	0	0	0
26	7	1376	2565	508	10	0	210	0	0	0	0	0	0	0	0	0	380	0	0	0	0	0	0	0	0	0
26	8	1377	2566	508	10	0	211	0	0	0	0	0	0	0	0	0	381	0	0	0	0	0	0	0	0	0
26	9	1378	2567	508	10	0	212	0	0	0	0	0	0	0	0	0	382	0	0	0	0	0	0	0	0	0
26	10	1379	2568	508	10	0	213	0	0	0	0	0	0	0	0	0	383	0	0	0	0	0	0	0	0	0
26	11	1380	2569	508	10	0	214	0	0	0	0	0	0	0	0	0	384	0	0	0	0	0	0	0	0	0
26	12	1381	2571	508	10	0	215	0	0	0	0	0	0	0	0	0	385	0	0	0	0	0	0	0	0	0
26	13	1382	2573	508	10	0	216	0	0	0	0	0	0	0	0	0	386	0	0	0	0	0	0	0	0	0
27	3	1383	2574	508	10	0	217	0	0	0	0	0	0	0	0	0	387	0	0	0	0	0	0	0	0	0
27	4	1384	2575	508	10	0	218	0	0	0	0	0	0	0	0	0	388	0	0	0	0	0	0	0	0	0
27	5	1385	2576	508	10	0	219	0	0	0	0	0	0	0	0	0	389	0	0	0	0	0	0	0	0	0
27	6	1386	2577	508	10	0	220	0	0	0	0	0	0	0	0	0	390	0	0	0	0	0	0	0	0	0
27	7	1387	2578	508	10	0	221	0	0	0	0	0	0	0	0	0	391	0	0	0	0	0	0	0	0	0
27	8	1388	2580	508	10	0	222	0	0	0	0	0	0	0	0	0	392	0	0	0	0	0	0	0	0	0
26	14	1389	2590	508	10	0	223	0	0	0	0	0	0	0	0	0	393	0	0	0	0	0	0	0	0	0
26	15	1390	2591	508	10	0	224	0	0	0	0	0	0	0	0	0	394	0	0	0	0	0	0	0	0	0
28	5	1391	3072	508	10	0	225	0	0	0	0	0	0	0	0	0	395	0	0	0	0	0	0	0	0	0
28	6	1392	3073	508	10	0	226	0	0	0	0	0	0	0	0	0	396	0	0	0	0	0	0	0	0	0
28	7	1393	3074	508	10	0	227	0	0	0	0	0	0	0	0	0	397	0	0	0	0	0	0	0	0	0
28	8	1394	3075	508	10	0	228	0	0	0	0	0	0	0	0	0	398	0	0	0	0	0	0	0	0	0
28	9	1395	3076	508	10	0	229	0	0	0	0	0	0	0	0	0	399	0	0	0	0	0	0	0	0	0
28	10	1396	3077	508	10	0	230	0	0	0	0	0	0	0	0	0	400	0	0	0	0	0	0	0	0	0
28	11	1397	3078	508	10	0	231	0	0	0	0	0	0	0	0	0	401	0	0	0	0	0	0	0	0	0
28	12	1398	3079	508	10	0	232	0	0	0	0	0	0	0	0	0	402	0	0	0	0	0	0	0	0	0
28	13	1399	3080	508	10	0	233	0	0	0	0	0	0	0	0	0	403	0	0	0	0	0	0	0	0	0
28	14	1400	3081	508	10	0	234	0	0	0	0	0	0	0	0	0	404	0	0	0	0	0	0	0	0	0
28	15	1401	3082	508	10	0	235	0	0	0	0	0	0	0	0	0	405	0	0	0	0	0	0	0	0	0
28	16	1402	3084	508	10	0	236	0	0	0	0	0	0	0	0	0	406	0	0	0	0	0	0	0	0	0
28	17	1403	3086	508	10	0	237	0	0	0	0	0	0	0	0	0	407	0	0	0	0	0	0	0	0	0
28	18	1404	3088	508	10	0	238	0	0	0	0	0	0	0	0	0	408	0	0	0	0	0	0	0	0	0
28	19	1405	3093	508	10	0	243	0	0	0	0	0	0	0	0	0	413	0	0	0	0	0	0	0	0	0
28	20	1406	3092	508	10	0	242	0	0	0	0	0	0	0	0	0	412	0	0	0	0	0	0	0	0	0
25	2	1407	32	508	10	0	244	0	0	0	0	0	0	0	0	0	414	0	0	0	0	0	0	0	0	0
25	3	1408	33	508	10	0	245	0	0	0	0	0	0	0	0	0	415	0	0	0	0	0	0	0	0	0
25	4	1409	34	508	10	0	246	0	0	0	0	0	0	0	0	0	416	0	0	0	0	0	0	0	0	0
30	1	1410	6144	508	10	0	247	0	0	0	0	0	0	0	0	0	417	0	0	0	0	0	0	0	0	0
30	2	1411	6145	508	10	0	248	0	0	0	0	0	0	0	0	0	418	0	0	0	0	0	0	0	0	0
30	3	1412	6146	508	10	0	249	0	0	0	0	0	0	0	0	0	419	0	0	0	0	0	0	0	0	0
31	1	1413	6147	508	10	0	250	0	0	0	0	0	0	0	0	0	420	0	0	0	0	0	0	0	0	0
31	2	1414	6148	508	10	0	251	0	0	0	0	0	0	0	0	0	421	0	0	0	0	0	0	0	0	0
31	3	1415	6149	508	10	0	252	0	0	0	0	0	0	0	0	0	422	0	0	0	0	0	0	0	0	0
31	4	1416	6150	508	10	0	253	0	0	0	0	0	0	0	0	0	423	0	0	0	0	0	0	0	0	0
31	5	1417	6186	508	10	0	255	0	0	0	0	0	0	0	0	0	425	0	0	0	0	0	0	0	0	0
31	6	1418	6193	508	10	0	256	0	0	0	0	0	0	0	0	0	426	0	0	0	0	0	0	0	0	0
31	7	1419	6686	508	10	0	257	0	0	0	0	0	0	0	0	0	427	0	0	0	0	0	0	0	0	0
31	8	1420	6413	508	10	0	258	0	0	0	0	0	0	0	0	0	428	0	0	0	0	0	0	0	0	0
30	4	1421	6185	508	10	0	254	0	0	0	0	0	0	0	0	0	424	0	0	0	0	0	0	0	0	0
11	1	1422	4096	508	10	0	259	259	259	259	259	0	0	0	0	0	430	429	431	432	433	0	0	0	0	0
11	2	1423	4097	508	10	0	260	260	260	260	260	0	0	0	0	0	435	434	436	437	438	0	0	0	0	0
11	3	1424	4098	508	10	0	261	261	261	261	261	0	0	0	0	0	440	439	441	442	443	0	0	0	0	0
11	4	1425	4099	508	10	0	262	262	262	262	262	0	0	0	0	0	445	444	446	447	448	0	0	0	0	0
11	5	1426	4100	508	10	0	263	263	263	263	263	0	0	0	0	0	450	449	451	452	453	0	0	0	0	0
11	6	1427	4101	508	10	0	264	264	264	264	264	0	0	0	0	0	455	454	456	457	458	0	0	0	0	0
11	7	1428	4102	508	10	0	265	265	265	265	265	0	0	0	0	0	460	459	461	462	463	0	0	0	0	0
11	8	1429	4103	508	10	0	266	266	266	266	266	0	0	0	0	0	465	464	466	467	468	0	0	0	0	0
11	9	1430	4104	508	10	0	267	267	267	267	267	0	0	0	0	0	470	469	471	472	473	0	0	0	0	0
11	10	1431	4105	508	10	0	268	268	268	268	268	0	0	0	0	0	475	474	476	477	478	0	0	0	0	0
11	11	1432	4106	508	10	0	269	269	269	269	269	0	0	0	0	0	480	479	481	482	483	0	0	0	0	0
11	12	1433	4107	508	10	0	270	270	270	270	270	0	0	0	0	0	485	484	486	487	488	0	0	0	0	0
12	1	1434	4108	508	10	0	271	271	271	271	271	0	0	0	0	0	490	489	491	492	493	0	0	0	0	0
12	2	1435	4109	508	10	0	272	272	272	272	272	0	0	0	0	0	495	494	496	497	498	0	0	0	0	0
12	3	1436	4110	508	10	0	273	273	273	273	273	0	0	0	0	0	500	499	501	502	503	0	0	0	0	0
12	4	1437	4111	508	10	0	274	274	274	274	0	0	0	0	0	0	504	505	506	507	0	0	0	0	0	0
12	5	1438	4112	508	10	0	275	275	275	275	275	0	0	0	0	0	509	508	510	511	512	0	0	0	0	0
12	6	1439	4113	508	10	0	276	276	276	276	276	0	0	0	0	0	514	513	515	519	520	0	0	0	0	0
12	7	1440	4114	508	10	0	277	277	277	277	277	0	0	0	0	0	522	521	523	524	525	0	0	0	0	0
12	8	1441	4115	508	10	0	278	278	278	278	278	0	0	0	0	0	527	526	528	529	530	0	0	0	0	0
12	9	1442	4116	508	10	0	279	279	279	279	0	0	0	0	0	0	531	532	533	534	0	0	0	0	0	0
13	1	1443	4117	508	10	0	280	280	280	280	280	0	0	0	0	0	536	535	537	538	539	0	0	0	0	0
13	2	1444	4118	508	10	0	281	281	281	281	281	0	0	0	0	0	541	540	542	543	544	0	0	0	0	0
13	3	1445	4119	508	10	0	282	282	282	282	0	0	0	0	0	0	545	546	547	548	0	0	0	0	0	0
13	4	1446	4120	508	10	0	283	283	283	283	283	0	0	0	0	0	550	549	551	552	553	0	0	0	0	0
13	5	1447	4121	508	10	0	284	284	284	284	284	0	0	0	0	0	555	554	556	557	558	0	0	0	0	0
13	6	1448	4122	508	10	0	285	285	285	285	285	0	0	0	0	0	560	559	561	562	563	0	0	0	0	0
13	7	1449	4123	508	10	0	286	286	286	286	286	0	0	0	0	0	565	564	566	567	568	0	0	0	0	0
13	8	1450	4124	508	10	0	287	287	287	287	287	0	0	0	0	0	570	569	571	572	573	0	0	0	0	0
13	9	1451	4130	508	10	0	288	288	288	288	288	0	0	0	0	0	575	574	576	577	578	0	0	0	0	0
13	10	1452	4131	508	10	0	289	289	289	289	289	0	0	0	0	0	580	579	581	582	583	0	0	0	0	0
13	11	1453	4132	508	10	0	290	290	290	290	290	0	0	0	0	0	585	584	586	587	588	0	0	0	0	0
13	12	1454	4133	508	10	0	291	291	291	291	0	0	0	0	0	0	589	590	591	592	0	0	0	0	0	0
13	13	1455	4134	508	10	0	292	292	292	292	292	0	0	0	0	0	594	593	595	596	597	0	0	0	0	0
13	14	1456	4135	508	10	0	293	293	293	293	293	0	0	0	0	0	599	598	600	601	602	0	0	0	0	0
13	15	1457	4136	508	10	0	294	294	294	294	294	0	0	0	0	0	604	603	605	606	607	0	0	0	0	0
13	16	1458	4137	508	10	0	295	295	295	295	295	0	0	0	0	0	609	608	610	611	612	0	0	0	0	0
13	17	1459	4138	508	10	0	296	296	296	296	296	0	0	0	0	0	614	613	615	616	617	0	0	0	0	0
15	1	1460	4140	508	20	0	297	297	297	297	297	0	0	0	0	0	619	618	620	621	622	0	0	0	0	0
20	29	1461	29	508	20	0	299	0	0	0	0	0	0	0	0	0	626	0	0	0	0	0	0	0	0	0
20	30	1462	30	508	20	0	300	0	0	0	0	0	0	0	0	0	627	0	0	0	0	0	0	0	0	0
20	31	1463	36	508	20	0	301	0	0	0	0	0	0	0	0	0	628	0	0	0	0	0	0	0	0	0
20	32	1464	37	508	20	0	302	0	0	0	0	0	0	0	0	0	629	0	0	0	0	0	0	0	0	0
25	5	1465	52	508	20	0	303	0	0	0	0	0	0	0	0	0	630	0	0	0	0	0	0	0	0	0
25	6	1466	53	508	20	0	304	0	0	0	0	0	0	0	0	0	631	0	0	0	0	0	0	0	0	0
22	9	1467	1043	508	20	0	305	0	0	0	0	0	0	0	0	0	632	0	0	0	0	0	0	0	0	0
21	28	1468	1044	508	20	0	306	0	0	0	0	0	0	0	0	0	633	0	0	0	0	0	0	0	0	0
21	29	1469	1548	508	20	0	307	0	0	0	0	0	0	0	0	0	634	0	0	0	0	0	0	0	0	0
23	6	1470	1558	508	20	0	308	0	0	0	0	0	0	0	0	0	635	0	0	0	0	0	0	0	0	0
23	7	1471	1559	508	20	0	309	0	0	0	0	0	0	0	0	0	636	0	0	0	0	0	0	0	0	0
24	22	1472	2073	508	20	0	310	0	0	0	0	0	0	0	0	0	637	0	0	0	0	0	0	0	0	0
24	23	1473	2074	508	20	0	311	0	0	0	0	0	0	0	0	0	638	0	0	0	0	0	0	0	0	0
27	9	1474	2592	508	20	0	312	0	0	0	0	0	0	0	0	0	639	0	0	0	0	0	0	0	0	0
26	16	1475	2595	508	20	0	313	0	0	0	0	0	0	0	0	0	640	0	0	0	0	0	0	0	0	0
26	17	1476	2597	508	20	0	314	0	0	0	0	0	0	0	0	0	641	0	0	0	0	0	0	0	0	0
28	21	1477	3094	508	20	0	315	0	0	0	0	0	0	0	0	0	642	0	0	0	0	0	0	0	0	0
28	22	1478	3095	508	20	0	316	0	0	0	0	0	0	0	0	0	643	0	0	0	0	0	0	0	0	0
28	23	1479	3096	508	20	0	317	0	0	0	0	0	0	0	0	0	644	0	0	0	0	0	0	0	0	0
28	24	1480	3097	508	20	0	318	0	0	0	0	0	0	0	0	0	645	0	0	0	0	0	0	0	0	0
28	25	1481	3098	508	20	0	319	0	0	0	0	0	0	0	0	0	646	0	0	0	0	0	0	0	0	0
28	26	1482	3112	508	20	0	320	0	0	0	0	0	0	0	0	0	647	0	0	0	0	0	0	0	0	0
28	27	1483	3113	508	20	0	321	0	0	0	0	0	0	0	0	0	648	0	0	0	0	0	0	0	0	0
15	2	1484	4141	508	20	0	322	322	322	322	322	0	0	0	0	0	650	649	651	652	653	0	0	0	0	0
15	3	1485	4142	508	20	0	323	323	323	323	323	0	0	0	0	0	655	654	656	657	658	0	0	0	0	0
15	4	1486	4143	508	20	0	324	324	324	324	0	0	0	0	0	0	659	660	661	662	0	0	0	0	0	0
15	5	1487	4144	508	20	0	325	325	325	325	0	0	0	0	0	0	663	664	665	666	0	0	0	0	0	0
15	6	1488	4145	508	20	0	326	326	326	326	326	0	0	0	0	0	668	667	669	670	671	0	0	0	0	0
15	7	1489	4146	508	20	0	327	327	327	327	327	0	0	0	0	0	673	672	674	675	676	0	0	0	0	0
15	8	1490	4147	508	20	0	328	328	328	328	328	0	0	0	0	0	678	677	679	680	681	0	0	0	0	0
15	9	1491	4148	508	20	0	329	329	329	329	329	0	0	0	0	0	683	682	684	685	686	0	0	0	0	0
16	1	1492	4149	508	70	0	330	330	330	330	330	0	0	0	0	0	688	687	689	690	691	0	0	0	0	0
16	2	1493	4150	508	70	0	331	331	331	331	331	0	0	0	0	0	693	692	694	695	696	0	0	0	0	0
16	3	1494	4151	508	70	0	332	332	332	332	332	0	0	0	0	0	698	697	699	700	701	0	0	0	0	0
16	4	1495	4152	508	70	0	333	333	333	333	333	0	0	0	0	0	703	702	704	705	706	0	0	0	0	0
16	5	1496	4153	508	70	0	334	334	334	334	0	0	0	0	0	0	707	708	709	710	0	0	0	0	0	0
16	6	1497	4154	508	70	0	335	335	335	335	335	0	0	0	0	0	712	711	713	714	715	0	0	0	0	0
16	7	1498	4170	508	70	0	336	336	336	336	336	0	0	0	0	0	717	716	718	719	720	0	0	0	0	0
16	8	1499	4171	508	70	0	337	337	337	337	337	0	0	0	0	0	722	721	723	724	725	0	0	0	0	0
16	9	1500	4172	508	70	0	338	338	338	338	0	0	0	0	0	0	726	727	728	729	0	0	0	0	0	0
16	10	1501	4242	508	70	0	339	339	339	339	0	0	0	0	0	0	731	730	732	733	0	0	0	0	0	0
16	11	1502	4243	508	70	0	340	340	340	340	0	0	0	0	0	0	735	734	736	737	0	0	0	0	0	0
16	12	1503	4244	508	70	0	341	341	341	341	341	0	0	0	0	0	739	738	740	741	742	0	0	0	0	0
16	13	1504	4245	508	70	0	342	342	342	342	342	0	0	0	0	0	744	743	745	746	747	0	0	0	0	0
30	1	1513	6406	508	100	0	351	0	0	0	0	0	0	0	0	0	811	0	0	0	0	0	0	0	0	0
30	2	1514	6407	508	100	0	352	0	0	0	0	0	0	0	0	0	812	0	0	0	0	0	0	0	0	0
30	3	1515	6408	508	100	0	353	0	0	0	0	0	0	0	0	0	813	0	0	0	0	0	0	0	0	0
30	4	1516	6409	508	100	0	354	0	0	0	0	0	0	0	0	0	814	0	0	0	0	0	0	0	0	0
54	1	1517	7240	509	400	0	355	355	355	355	355	355	0	0	0	0	815	816	817	818	819	820	0	0	0	0
54	2	1518	7241	509	400	0	356	356	356	356	356	356	0	0	0	0	821	822	823	824	825	826	0	0	0	0
54	3	1519	7242	509	400	0	357	357	357	357	357	357	0	0	0	0	827	828	829	830	831	832	0	0	0	0
24	24	1527	2080	508	20	0	401	0	0	0	0	0	0	0	0	0	1316	0	0	0	0	0	0	0	0	0
24	25	1528	2081	508	20	0	402	0	0	0	0	0	0	0	0	0	1317	0	0	0	0	0	0	0	0	0
49	8	1529	6479	508	50	0	403	403	403	403	403	403	0	0	0	0	1318	1319	1320	1321	1322	1323	0	0	0	0
49	9	1530	6480	508	50	0	404	404	404	404	404	0	0	0	0	0	1324	1325	1326	1327	1328	0	0	0	0	0
49	10	1531	6481	508	50	0	405	405	405	405	405	0	0	0	0	0	1329	1330	1331	1332	1333	0	0	0	0	0
49	11	1532	6482	508	50	0	406	406	406	406	406	406	0	0	0	0	1334	1335	1336	1337	1338	1339	0	0	0	0
49	12	1533	6483	508	50	0	407	407	407	407	0	0	0	0	0	0	1340	1341	1342	1343	0	0	0	0	0	0
49	13	1534	6484	508	50	0	408	408	408	408	0	0	0	0	0	0	1344	1345	1346	1347	0	0	0	0	0	0
17	8	1535	4104	508	90	0	370	370	370	370	370	0	0	0	0	0	891	892	893	894	895	0	0	0	0	0
17	9	1536	3592	508	30	0	371	371	0	0	0	0	0	0	0	0	896	897	0	0	0	0	0	0	0	0
17	10	1537	4105	508	105	0	372	372	372	372	0	0	0	0	0	0	898	899	900	901	0	0	0	0	0	0
17	11	1538	3593	508	60	0	373	373	373	0	0	0	0	0	0	0	902	903	904	0	0	0	0	0	0	0
17	12	1539	3585	508	90	0	374	374	374	374	0	0	0	0	0	0	905	906	907	908	0	0	0	0	0	0
17	13	1540	3586	508	135	0	375	375	375	375	375	375	375	0	0	0	910	909	911	912	913	914	915	0	0	0
17	14	1541	3586	508	60	0	376	376	376	0	0	0	0	0	0	0	916	917	918	0	0	0	0	0	0	0
17	15	1542	4100	508	90	0	377	377	377	377	0	0	0	0	0	0	919	920	921	922	0	0	0	0	0	0
17	16	1543	3588	508	105	0	378	378	378	378	0	0	0	0	0	0	923	924	925	926	0	0	0	0	0	0
17	17	1544	3591	508	135	0	379	379	379	379	379	379	0	0	0	0	928	927	929	930	931	932	0	0	0	0
17	18	1545	4103	508	60	0	380	380	380	0	0	0	0	0	0	0	933	934	935	0	0	0	0	0	0	0
17	19	1546	3587	508	105	0	381	381	381	381	0	0	0	0	0	0	936	937	938	939	0	0	0	0	0	0
17	20	1547	4099	508	75	0	382	382	382	382	0	0	0	0	0	0	941	940	942	943	0	0	0	0	0	0
17	21	1548	3594	508	105	0	383	383	383	383	383	383	0	0	0	0	945	944	946	947	948	949	0	0	0	0
17	22	1549	3594	508	75	0	384	384	384	384	0	0	0	0	0	0	950	951	952	953	0	0	0	0	0	0
17	23	1550	3595	508	105	0	385	385	385	385	385	0	0	0	0	0	955	954	956	957	958	0	0	0	0	0
17	24	1551	4619	508	45	0	386	386	386	0	0	0	0	0	0	0	959	960	961	0	0	0	0	0	0	0
17	25	1552	3596	508	105	0	387	387	387	387	387	0	0	0	0	0	962	963	964	965	966	0	0	0	0	0
17	26	1553	4620	508	30	0	388	388	0	0	0	0	0	0	0	0	967	968	0	0	0	0	0	0	0	0
17	27	1554	4109	508	60	0	389	389	389	0	0	0	0	0	0	0	969	970	971	0	0	0	0	0	0	0
17	28	1555	3597	508	60	0	390	390	390	0	0	0	0	0	0	0	972	973	974	0	0	0	0	0	0	0
17	29	1556	4110	508	120	0	391	391	391	391	391	0	0	0	0	0	976	975	977	978	979	0	0	0	0	0
17	30	1557	3598	508	90	0	392	392	392	392	0	0	0	0	0	0	980	981	982	983	0	0	0	0	0	0
17	31	1558	4111	508	105	0	393	393	393	393	0	0	0	0	0	0	984	985	986	987	0	0	0	0	0	0
17	32	1559	4111	508	105	0	394	394	394	394	0	0	0	0	0	0	988	989	990	991	0	0	0	0	0	0
17	33	1560	4122	508	105	0	395	395	395	395	0	0	0	0	0	0	993	992	994	995	0	0	0	0	0	0
17	34	1561	4634	508	105	0	396	396	396	396	0	0	0	0	0	0	996	997	998	1300	0	0	0	0	0	0
17	35	1562	3624	508	105	0	397	397	397	0	0	0	0	0	0	0	1301	1302	1303	0	0	0	0	0	0	0
17	36	1563	3624	508	90	0	398	398	398	398	0	0	0	0	0	0	1304	1305	1306	1307	0	0	0	0	0	0
17	37	1564	3643	508	90	0	399	399	399	399	0	0	0	0	0	0	1309	1308	1310	1311	0	0	0	0	0	0
17	38	1565	4155	508	105	0	400	400	400	400	0	0	0	0	0	0	1313	1312	1314	1315	0	0	0	0	0	0
17	2	1566	3589	508	135	0	364	364	364	364	364	364	364	0	0	0	865	864	866	867	868	869	870	0	0	0
17	3	1567	3589	508	60	0	365	365	365	365	0	0	0	0	0	0	872	871	873	874	0	0	0	0	0	0
17	4	1568	4096	508	60	0	366	366	366	0	0	0	0	0	0	0	875	876	877	0	0	0	0	0	0	0
17	5	1569	3584	508	60	0	367	367	367	0	0	0	0	0	0	0	878	879	880	0	0	0	0	0	0	0
17	6	1570	3590	508	105	0	368	368	368	368	368	0	0	0	0	0	882	881	883	884	885	0	0	0	0	0
17	7	1571	3590	508	90	0	369	369	369	369	369	0	0	0	0	0	886	887	888	889	890	0	0	0	0	0
18	12	1583	4624	508	60	0	420	420	0	0	0	0	0	0	0	0	1401	1402	0	0	0	0	0	0	0	0
18	13	1584	4643	508	60	0	421	421	0	0	0	0	0	0	0	0	1403	1404	0	0	0	0	0	0	0	0
18	14	1585	3620	508	60	0	422	422	0	0	0	0	0	0	0	0	1405	1406	0	0	0	0	0	0	0	0
18	15	1586	5669	508	60	0	423	423	0	0	0	0	0	0	0	0	1407	1408	0	0	0	0	0	0	0	0
18	16	1587	5147	508	60	0	424	424	0	0	0	0	0	0	0	0	1409	1410	0	0	0	0	0	0	0	0
18	17	1588	4137	508	60	0	425	425	0	0	0	0	0	0	0	0	1411	1412	0	0	0	0	0	0	0	0
18	18	1589	33	508	60	0	426	426	0	0	0	0	0	0	0	0	1413	1414	0	0	0	0	0	0	0	0
18	19	1590	4113	508	160	0	427	427	427	427	427	0	0	0	0	0	1417	1415	1416	1418	1419	0	0	0	0	0
18	20	1591	4114	508	160	0	428	428	428	428	428	0	0	0	0	0	1421	1420	1422	1423	1424	0	0	0	0	0
18	21	1592	4115	508	160	0	429	429	429	429	429	0	0	0	0	0	1426	1425	1427	1428	1429	0	0	0	0	0
18	22	1593	4628	508	160	0	430	430	430	430	430	0	0	0	0	0	1431	1430	1432	1433	1434	0	0	0	0	0
18	23	1594	4134	508	160	0	431	431	431	431	431	0	0	0	0	0	1437	1435	1436	1438	1439	0	0	0	0	0
18	24	1595	4138	508	160	0	432	432	432	432	432	0	0	0	0	0	1441	1440	1442	1443	1444	0	0	0	0	0
18	25	1596	4157	508	160	0	433	433	433	433	0	0	0	0	0	0	1447	1445	1446	1448	0	0	0	0	0	0
18	26	1597	4188	508	140	0	434	434	434	434	0	0	0	0	0	0	1450	1449	1451	1452	0	0	0	0	0	0
46	15	1645	6174	508	15	0	482	482	482	482	482	0	0	0	0	0	1651	1652	1653	1654	1655	0	0	0	0	0
46	16	1646	7182	508	15	0	483	483	483	483	483	0	0	0	0	0	1656	1657	1658	1659	1660	0	0	0	0	0
46	17	1647	7184	508	15	0	484	484	484	484	484	0	0	0	0	0	1661	1662	1663	1664	1665	0	0	0	0	0
46	18	1648	7190	508	15	0	485	485	485	485	485	0	0	0	0	0	1666	1667	1668	1669	1670	0	0	0	0	0
46	19	1649	7199	508	15	0	486	486	486	486	486	0	0	0	0	0	1671	1672	1673	1674	1675	0	0	0	0	0
46	20	1650	7210	508	15	0	487	487	487	487	487	0	0	0	0	0	1676	1677	1678	1679	1680	0	0	0	0	0
46	21	1651	7212	508	15	0	488	488	488	488	488	0	0	0	0	0	1681	1682	1683	1684	1685	0	0	0	0	0
46	22	1652	6159	508	15	0	489	489	489	489	489	0	0	0	0	0	1686	1687	1688	1689	1690	0	0	0	0	0
34	5	1653	6452	508	50	0	490	490	490	490	490	0	0	0	0	0	1709	1710	1711	1712	1713	0	0	0	0	0
35	1	1654	6365	508	100	0	491	491	491	491	491	0	0	0	0	0	1714	1715	1716	1717	1718	0	0	0	0	0
34	7	1656	6344	508	50	0	512	512	512	512	512	0	0	0	0	0	1820	1821	1822	1823	1824	0	0	0	0	0
34	8	1657	6345	508	50	0	513	513	513	513	513	0	0	0	0	0	1825	1826	1827	1828	1829	0	0	0	0	0
34	9	1658	6346	508	50	0	492	492	492	492	492	0	0	0	0	0	1719	1720	1721	1722	1723	0	0	0	0	0
34	10	1659	6348	508	50	0	493	493	493	493	493	0	0	0	0	0	1724	1725	1726	1727	1728	0	0	0	0	0
34	11	1660	6350	508	50	0	494	494	494	494	494	0	0	0	0	0	1729	1730	1731	1732	1733	0	0	0	0	0
34	12	1661	6361	508	50	0	495	495	495	495	495	0	0	0	0	0	1734	1735	1736	1737	1738	0	0	0	0	0
34	13	1662	6347	508	50	0	496	496	496	496	496	0	0	0	0	0	1739	1740	1741	1742	1743	0	0	0	0	0
34	14	1663	6349	508	50	0	497	497	497	497	497	0	0	0	0	0	1744	1745	1746	1747	1748	0	0	0	0	0
34	15	1664	6351	508	50	0	498	498	498	498	498	0	0	0	0	0	1749	1750	1751	1752	1753	0	0	0	0	0
34	16	1665	6352	508	50	0	499	499	499	499	499	0	0	0	0	0	1754	1755	1756	1757	1758	0	0	0	0	0
34	17	1666	6353	508	50	0	500	500	500	500	500	0	0	0	0	0	1759	1760	1761	1762	1763	0	0	0	0	0
34	18	1667	6354	508	50	0	501	501	501	501	501	0	0	0	0	0	1764	1765	1766	1767	1768	0	0	0	0	0
34	19	1668	6355	508	50	0	502	502	502	502	502	0	0	0	0	0	1769	1770	1771	1772	1773	0	0	0	0	0
34	20	1669	6450	508	50	0	503	503	503	503	503	0	0	0	0	0	1774	1775	1776	1777	1778	0	0	0	0	0
34	21	1670	6451	508	50	0	504	504	504	504	504	0	0	0	0	0	1779	1780	1781	1782	1783	0	0	0	0	0
34	22	1671	6356	508	50	0	505	505	505	505	505	0	0	0	0	0	1784	1785	1786	1787	1788	0	0	0	0	0
34	23	1672	6357	508	50	0	506	506	506	506	506	0	0	0	0	0	1789	1790	1791	1792	1793	0	0	0	0	0
34	24	1673	6358	508	50	0	507	507	507	507	507	0	0	0	0	0	1794	1795	1796	1797	1798	0	0	0	0	0
35	2	1674	6375	508	100	0	514	514	514	514	514	0	0	0	0	0	1830	1831	1832	1833	1834	0	0	0	0	0
35	3	1675	6385	508	100	0	515	515	515	515	515	0	0	0	0	0	1835	1836	1837	1838	1839	0	0	0	0	0
35	4	1676	6395	508	100	0	516	516	516	516	516	0	0	0	0	0	1840	1841	1842	1843	1844	0	0	0	0	0
36	1	1677	6365	508	100	0	517	517	517	517	517	0	0	0	0	0	1845	1846	1847	1848	1849	0	0	0	0	0
36	2	1678	6375	508	100	0	518	518	518	518	518	0	0	0	0	0	1850	1851	1852	1853	1854	0	0	0	0	0
36	3	1679	6385	508	100	0	519	519	519	519	519	0	0	0	0	0	1855	1856	1857	1858	1859	0	0	0	0	0
36	4	1680	6395	508	100	0	520	520	520	520	520	0	0	0	0	0	1860	1861	1862	1863	1864	0	0	0	0	0
37	1	1681	6365	508	100	0	521	521	521	521	521	0	0	0	0	0	1865	1866	1867	1868	1869	0	0	0	0	0
37	2	1682	6375	508	100	0	522	522	522	522	522	0	0	0	0	0	1870	1871	1872	1873	1874	0	0	0	0	0
37	3	1683	6385	508	100	0	523	523	523	523	523	0	0	0	0	0	1875	1876	1877	1878	1879	0	0	0	0	0
37	4	1684	6395	508	100	0	524	524	524	524	524	0	0	0	0	0	1880	1881	1882	1883	1884	0	0	0	0	0
38	1	1685	6365	508	100	0	525	525	525	525	525	0	0	0	0	0	1885	1886	1887	1888	1889	0	0	0	0	0
38	2	1686	6375	508	100	0	526	526	526	526	526	0	0	0	0	0	1890	1891	1892	1893	1894	0	0	0	0	0
38	3	1687	6385	508	100	0	527	527	527	527	527	0	0	0	0	0	1895	1896	1897	1898	1899	0	0	0	0	0
38	4	1688	6395	508	100	0	528	528	528	528	528	0	0	0	0	0	1900	1901	1902	1903	1904	0	0	0	0	0
39	1	1689	6365	508	100	0	529	529	529	529	529	0	0	0	0	0	1905	1906	1907	1910	1911	0	0	0	0	0
39	2	1690	6375	508	100	0	530	530	530	530	530	0	0	0	0	0	1912	1913	1914	1915	1916	0	0	0	0	0
39	3	1691	6385	508	100	0	531	531	531	531	531	0	0	0	0	0	1917	1918	1919	1920	1921	0	0	0	0	0
39	4	1692	6395	508	100	0	532	532	532	532	532	0	0	0	0	0	1922	1923	1924	1925	1926	0	0	0	0	0
35	5	1693	6405	508	100	0	533	533	533	533	533	0	0	0	0	0	1927	1928	1929	1930	1931	0	0	0	0	0
36	5	1694	6405	508	100	0	534	534	534	534	534	0	0	0	0	0	1932	1933	1934	1935	1936	0	0	0	0	0
37	5	1695	6405	508	100	0	535	535	535	535	535	0	0	0	0	0	1937	1938	1939	1940	1941	0	0	0	0	0
38	5	1696	6405	508	100	0	536	536	536	536	536	0	0	0	0	0	1942	1943	1944	1945	1946	0	0	0	0	0
39	5	1697	6405	508	100	0	537	537	537	537	537	0	0	0	0	0	1947	1948	1949	1950	1951	0	0	0	0	0
//45	5	1700	6722	508	20	0	539	0	0	0	0	0	0	0	0	0	1953	0	0	0	0	0	0	0	0	0
35	6	1702	6365	508	100	0	540	540	540	540	540	0	0	0	0	0	1958	1959	1960	1961	1962	0	0	0	0	0
35	7	1703	6375	508	100	0	541	541	541	541	541	0	0	0	0	0	1963	1964	1965	1966	1967	0	0	0	0	0
35	8	1704	6385	508	100	0	542	542	542	542	542	0	0	0	0	0	1968	1969	1970	1971	1972	0	0	0	0	0
35	9	1705	6395	508	100	0	543	543	543	543	543	0	0	0	0	0	1973	1974	1975	1976	1977	0	0	0	0	0
36	6	1706	6365	508	100	0	544	544	544	544	544	0	0	0	0	0	1978	1979	1980	1981	1982	0	0	0	0	0
36	7	1707	6375	508	100	0	545	545	545	545	545	0	0	0	0	0	1983	1984	1985	1986	1987	0	0	0	0	0
36	8	1708	6385	508	100	0	546	546	546	546	546	0	0	0	0	0	1988	1989	1990	1991	1992	0	0	0	0	0
36	9	1709	6395	508	100	0	547	547	547	547	547	0	0	0	0	0	1993	1994	1995	1996	1997	0	0	0	0	0
37	6	1710	6365	508	100	0	548	548	548	548	548	0	0	0	0	0	1998	1999	2000	2001	2002	0	0	0	0	0
37	7	1711	6375	508	100	0	549	549	549	549	549	0	0	0	0	0	2003	2004	2005	2006	2007	0	0	0	0	0
37	8	1712	6385	508	100	0	550	550	550	550	550	0	0	0	0	0	2008	2009	2010	2011	2012	0	0	0	0	0
37	9	1713	6395	508	100	0	551	551	551	551	551	0	0	0	0	0	2013	2014	2015	2016	2017	0	0	0	0	0
38	6	1714	6365	508	100	0	552	552	552	552	552	0	0	0	0	0	2018	2019	2020	2021	2022	0	0	0	0	0
38	7	1715	6375	508	100	0	553	553	553	553	553	0	0	0	0	0	2023	2024	2025	2026	2027	0	0	0	0	0
38	8	1716	6385	508	100	0	554	554	554	554	554	0	0	0	0	0	2028	2029	2030	2031	2032	0	0	0	0	0
38	9	1717	6395	508	100	0	555	555	555	555	555	0	0	0	0	0	2033	2034	2035	2036	2037	0	0	0	0	0
39	6	1718	6365	508	100	0	556	556	556	556	556	0	0	0	0	0	2038	2039	2040	2041	2042	0	0	0	0	0
39	7	1719	6375	508	100	0	557	557	557	557	557	0	0	0	0	0	2043	2044	2045	2046	2047	0	0	0	0	0
39	8	1720	6385	508	100	0	558	558	558	558	558	0	0	0	0	0	2048	2049	2050	2051	2052	0	0	0	0	0
39	9	1721	6395	508	100	0	559	559	559	559	559	0	0	0	0	0	2053	2054	2055	2056	2057	0	0	0	0	0
57	1	1744	4148	509	10000	0	581	581	581	581	581	581	581	581	0	0	2175	2174	2176	2177	2178	2179	2180	2181	0	0
57	2	1745	4150	509	10000	0	582	582	582	582	582	582	582	582	0	0	2183	2182	2184	2185	2186	2187	2188	2189	0	0
57	3	1746	4171	509	10000	0	583	583	583	583	583	583	583	583	583	0	2191	2190	2192	2193	2194	2195	2196	2197	2198	0
57	4	1747	4153	509	10000	0	584	584	584	584	584	584	584	0	0	0	2199	2200	2201	2202	2203	2204	2205	0	0	0
57	5	1748	4154	509	10000	0	585	585	585	585	585	585	585	585	0	0	2207	2206	2208	2209	2210	2211	2212	2213	0	0
57	6	1749	4149	509	10000	0	586	586	586	586	586	586	586	586	0	0	2215	2214	2216	2217	2218	2219	2220	2221	0	0
57	7	1750	4242	509	10000	0	587	587	587	587	587	587	0	0	0	0	2223	2222	2224	2225	2226	2227	0	0	0	0
57	8	1751	4245	509	10000	0	588	588	588	588	588	588	588	588	0	0	2229	2228	2230	2231	2232	2233	2234	2235	0	0
61	1	1752	4148	508	150	0	581	581	581	581	581	581	581	581	0	0	2175	2174	2176	2177	2178	2179	2180	2181	0	0
61	2	1753	4150	508	150	0	582	582	582	582	582	582	582	582	0	0	2183	2182	2184	2185	2186	2187	2188	2189	0	0
61	3	1754	4171	508	150	0	583	583	583	583	583	583	583	583	583	0	2191	2190	2192	2193	2194	2195	2196	2197	2198	0
61	4	1755	4153	508	150	0	584	584	584	584	584	584	584	0	0	0	2199	2200	2201	2202	2203	2204	2205	0	0	0
61	5	1756	4154	508	150	0	585	585	585	585	585	585	585	585	0	0	2207	2206	2208	2209	2210	2211	2212	2213	0	0
61	6	1757	4149	508	150	0	586	586	586	586	586	586	586	586	0	0	2215	2214	2216	2217	2218	2219	2220	2221	0	0
61	7	1758	4242	508	150	0	587	587	587	587	587	587	0	0	0	0	2223	2222	2224	2225	2226	2227	0	0	0	0
61	8	1759	4245	508	150	0	588	588	588	588	588	588	588	588	0	0	2229	2228	2230	2231	2232	2233	2234	2235	0	0
46	23	1764	7675	508	15	0	593	593	593	593	593	0	0	0	0	0	2240	2241	2242	2243	2244	0	0	0	0	0
46	24	1765	7674	508	15	0	594	594	594	594	594	0	0	0	0	0	2245	2246	2247	2248	2249	0	0	0	0	0
46	25	1766	7670	508	15	0	595	595	595	595	595	0	0	0	0	0	2250	2251	2252	2253	2254	0	0	0	0	0
46	26	1767	7669	508	15	0	596	596	596	596	596	0	0	0	0	0	2255	2256	2257	2258	2259	0	0	0	0	0
46	27	1768	7668	508	15	0	597	597	597	597	597	0	0	0	0	0	2260	2261	2262	2263	2264	0	0	0	0	0
50	9	1774	6808	509	500	0	602	0	0	0	0	0	0	0	0	0	2269	0	0	0	0	0	0	0	0	0
50	10	1775	6809	509	500	0	603	0	0	0	0	0	0	0	0	0	2270	0	0	0	0	0	0	0	0	0
50	11	1776	6810	509	500	0	604	0	0	0	0	0	0	0	0	0	2271	0	0	0	0	0	0	0	0	0
50	12	1777	6811	509	500	0	605	0	0	0	0	0	0	0	0	0	2272	0	0	0	0	0	0	0	0	0
56	4	1778	2583	509	2000	0	609	0	0	0	0	0	0	0	0	0	2284	0	0	0	0	0	0	0	0	0
56	5	1779	3104	509	2000	0	610	0	0	0	0	0	0	0	0	0	2285	0	0	0	0	0	0	0	0	0
56	6	1780	3083	509	2000	0	613	0	0	0	0	0	0	0	0	0	2288	0	0	0	0	0	0	0	0	0
56	7	1781	3087	509	2000	0	611	0	0	0	0	0	0	0	0	0	2286	0	0	0	0	0	0	0	0	0
56	8	1782	3085	509	2000	0	612	0	0	0	0	0	0	0	0	0	2287	0	0	0	0	0	0	0	0	0
59	24	1783	4190	509	2000	0	608	608	608	608	608	0	0	0	0	0	2280	2279	2281	2282	2283	0	0	0	0	0
14	24	1784	4190	508	30	0	606	606	606	606	606	0	0	0	0	0	2274	2273	2275	2276	2277	0	0	0	0	0
23	8	1785	1552	508	10	0	614	0	0	0	0	0	0	0	0	0	2289	0	0	0	0	0	0	0	0	0
56	9	1786	1552	509	2000	0	615	0	0	0	0	0	0	0	0	0	2290	0	0	0	0	0	0	0	0	0
59	24	1783	4190	509	2000	0	608	608	608	608	608	0	0	0	0	0	2280	2279	2281	2282	2283	0	0	0	0	0
14	24	1784	4190	508	30	0	606	606	606	606	606	0	0	0	0	0	2274	2273	2275	2276	2277	0	0	0	0	0
23	8	1785	1552	508	10	0	614	0	0	0	0	0	0	0	0	0	2289	0	0	0	0	0	0	0	0	0
56	9	1786	1552	509	2000	0	615	0	0	0	0	0	0	0	0	0	2290	0	0	0	0	0	0	0	0	0
62	1	1787	4260	508	3000	0	616	616	616	616	616	0	0	0	0	0	2293	2291	2294	2295	2296	0	0	0	0	0
62	2	1788	4261	508	3000	0	617	617	617	617	617	0	0	0	0	0	2298	2297	2299	2300	2301	0	0	0	0	0
62	3	1789	4262	508	3000	0	618	618	618	618	618	0	0	0	0	0	2303	2302	2304	2305	2306	0	0	0	0	0
62	4	1790	4263	508	3000	0	619	619	619	619	619	0	0	0	0	0	2308	2307	2309	2310	2311	0	0	0	0	0
62	5	1791	4264	508	3000	0	620	620	620	620	0	0	0	0	0	0	2312	2313	2314	2315	0	0	0	0	0	0
62	6	1792	4265	508	3000	0	621	621	621	621	621	0	0	0	0	0	2317	2316	2318	2319	2320	0	0	0	0	0
62	7	1793	4266	508	3000	0	622	622	622	622	0	0	0	0	0	0	2322	2321	2324	2325	0	0	0	0	0	0
62	8	1794	4267	508	3000	0	623	623	623	623	623	0	0	0	0	0	2327	2326	2328	2329	2330	0	0	0	0	0
62	9	1795	4268	508	1000	0	624	624	624	624	624	0	0	0	0	0	2332	2331	2333	2334	2335	0	0	0	0	0
29	1	1796	3120	508	2500	0	625	0	0	0	0	0	0	0	0	0	2336	0	0	0	0	0	0	0	0	0
29	2	1797	2621	508	2500	0	626	0	0	0	0	0	0	0	0	0	2337	0	0	0	0	0	0	0	0	0
29	3	1798	2622	508	2500	0	627	0	0	0	0	0	0	0	0	0	2338	0	0	0	0	0	0	0	0	0
29	4	1799	2623	508	2500	0	628	0	0	0	0	0	0	0	0	0	2339	0	0	0	0	0	0	0	0	0
29	5	1800	2088	508	2500	0	629	0	0	0	0	0	0	0	0	0	2340	0	0	0	0	0	0	0	0	0
29	6	1801	2089	508	2500	0	630	0	0	0	0	0	0	0	0	0	2341	0	0	0	0	0	0	0	0	0
29	7	1802	1565	508	2500	0	631	0	0	0	0	0	0	0	0	0	2342	0	0	0	0	0	0	0	0	0
29	8	1803	1064	508	2500	0	632	0	0	0	0	0	0	0	0	0	2343	0	0	0	0	0	0	0	0	0
29	9	1804	78	508	2500	0	633	0	0	0	0	0	0	0	0	0	2344	0	0	0	0	0	0	0	0	0
29	10	1805	79	508	2500	0	634	0	0	0	0	0	0	0	0	0	2345	0	0	0	0	0	0	0	0	0
29	11	1806	80	508	2500	0	635	0	0	0	0	0	0	0	0	0	2346	0	0	0	0	0	0	0	0	0
33	14	1807	6558	508	2000	0	636	0	0	0	0	0	0	0	0	0	2347	0	0	0	0	0	0	0	0	0
33	15	1808	6559	508	2000	0	637	0	0	0	0	0	0	0	0	0	2348	0	0	0	0	0	0	0	0	0
33	16	1809	6560	508	2000	0	638	0	0	0	0	0	0	0	0	0	2349	0	0	0	0	0	0	0	0	0
33	17	1810	6561	508	2000	0	639	0	0	0	0	0	0	0	0	0	2350	0	0	0	0	0	0	0	0	0
33	18	1811	6562	508	2000	0	640	0	0	0	0	0	0	0	0	0	2351	0	0	0	0	0	0	0	0	0
33	19	1812	6563	508	2000	0	641	0	0	0	0	0	0	0	0	0	2352	0	0	0	0	0	0	0	0	0
33	20	1813	6564	508	2000	0	642	0	0	0	0	0	0	0	0	0	2353	0	0	0	0	0	0	0	0	0
33	21	1814	6565	508	2000	0	643	0	0	0	0	0	0	0	0	0	2354	0	0	0	0	0	0	0	0	0
48	9	1815	6827	508	750	0	644	0	0	0	0	0	0	0	0	0	2355	0	0	0	0	0	0	0	0	0
48	10	1816	6828	508	750	0	645	0	0	0	0	0	0	0	0	0	2356	0	0	0	0	0	0	0	0	0
48	11	1817	6831	508	1000	0	647	0	0	0	0	0	0	0	0	0	2358	0	0	0	0	0	0	0	0	0
48	12	1818	6832	508	1000	0	648	0	0	0	0	0	0	0	0	0	2359	0	0	0	0	0	0	0	0	0
48	13	1819	6829	508	1000	0	646	0	0	0	0	0	0	0	0	0	2357	0	0	0	0	0	0	0	0	0
end
