0
//Index   MixRate0   MixRate1   MixRate2   MixRate3   MixRate4
0         10000      10000      10000      10000      10000
1         10000      10000      10000      10000      10000
2         10000      10000      10000      10000      10000
3         10000      10000      10000      10000      10000
4         10000      10000      10000      10000      10000
5         10000      10000      10000      10000      10000
6         10000      10000      10000      10000      10000
7         10000      10000      10000      10000      10000
8         10000      10000      10000      10000      10000
9         10000      10000      10000      10000      10000
10        10000      10000      10000      10000      10000
11        10000      10000      10000      10000      10000
12        10000      10000      10000      10000      10000
13        10000      10000      10000      10000      10000
14        10000      10000      10000      10000      10000
15        10000      10000      10000      10000      10000
end

1
//Index   MixMoney   MixRate
1         100000     10000
2         100000     10000
3         1100000    10000
4         200000     10000
end

2
//Index   MixMoney   MixRate0   MixRate1   MixRate2   MixRate3   MixRate4
0         100000     10000      10000      10000      10000      10000
1         100000     10000      10000      10000      10000      10000
2         1100000    10000      10000      10000      10000      10000
3         200000     10000      10000      10000      10000      10000
4         2100000    10000      10000      10000      10000      10000
5         1000000    10000      10000      10000      10000      10000
6         3100000    10000      10000      10000      10000      10000
7         1000000    10000      10000      10000      10000      10000
8         4100000    10000      10000      10000      10000      10000
9         1000000    10000      10000      10000      10000      10000
end